# 1979 Montenegro earthquake, Ulcinj-Hotel Albatros station.
# Longitudinal component as effectively delivered by the shake table in
# SERA-AIMS Run 2.1 (the RECORDED motion, PGA 0.593 g - not the nominal
# 0.438 g target; the table overshot by ~35%). Same record used for the
# Chapter 6 nonlinear analyses.
#
# Source: graph_maker/seismic_input.csv, which stores it in mm/s^2.
# Converted here to m/s^2 (divided by 1000) because this pipeline is SI
# throughout - core/config.py STEP_UNIT='M'. Do NOT apply a further
# g-scaling: these values are already accelerations in m/s^2.
# dt = 0.005 s, 7783 points, 38.915 s total
# PGA = 5.81746 m/s^2 = 0.5930 g at t = 12.345 s
# one acceleration per line, m/s^2
0.005501
0.005992
0.005828
0.005501
0.005665
0.005828
0.005828
0.005501
0.005337
0.005665
0.005828
0.005828
0.005992
0.006484
0.006812
0.006320
0.005009
0.004026
0.004190
0.005009
0.005665
0.005009
0.003534
0.002223
0.001404
0.000912
0.000421
0.000421
0.001076
0.002059
0.002715
0.003370
0.004354
0.006320
0.008286
0.008942
0.008123
0.007631
0.008614
0.010417
0.011072
0.009597
0.007139
0.005337
0.005173
0.005173
0.004354
0.003043
0.002059
0.002059
0.002059
0.001732
0.001076
0.001240
0.001404
0.001076
-0.000399
-0.001218
0.000093
0.002715
0.004190
0.002715
-0.000399
-0.001382
0.002551
0.009597
0.015988
0.017627
0.013858
0.006812
-0.000071
-0.003676
-0.002857
0.001240
0.005501
0.006484
0.003862
0.000093
-0.001382
0.000748
0.004517
0.006648
0.005665
0.002879
0.000421
-0.000235
0.000748
0.002551
0.003534
0.002551
-0.001054
-0.005970
-0.008756
-0.006626
0.000421
0.008942
0.014514
0.014514
0.010417
0.005173
0.001404
0.000257
0.000912
0.002223
0.002879
0.002551
0.001732
0.001240
0.001404
0.001896
0.001896
0.000748
-0.000890
-0.001873
-0.001710
-0.000235
0.002223
0.005501
0.007959
0.007959
0.004190
-0.001382
-0.005315
-0.004495
0.000421
0.005665
0.007303
0.004517
-0.000235
-0.003840
-0.003676
0.000748
0.007303
0.012875
0.013694
0.008614
0.000748
-0.004823
-0.004659
-0.000235
0.003207
0.001732
-0.004004
-0.009575
-0.010559
-0.006462
0.000257
0.006484
0.009925
0.009925
0.007139
0.003207
0.000257
-0.000726
-0.000071
0.000421
-0.000235
-0.000726
0.000912
0.004845
0.008450
0.008942
0.005992
0.001404
-0.002201
-0.003840
-0.004168
-0.004168
-0.004332
-0.003840
-0.002201
0.001568
0.006648
0.011400
0.012547
0.007795
-0.001382
-0.010395
-0.014655
-0.011870
-0.005151
0.001568
0.005501
0.006484
0.005828
0.004190
0.001896
-0.000726
-0.002529
-0.002365
0.000421
0.005501
0.010745
0.013366
0.009925
0.000421
-0.011378
-0.018916
-0.017769
-0.008592
0.002551
0.008450
0.006648
-0.000399
-0.006953
-0.008428
-0.003512
0.005009
0.012875
0.015661
0.011236
0.001732
-0.007937
-0.013508
-0.013017
-0.008101
-0.001546
0.003862
0.006320
0.004845
-0.000399
-0.006953
-0.010231
-0.007281
0.001568
0.011400
0.016644
0.013530
0.003207
-0.009248
-0.017113
-0.015639
-0.004659
0.009434
0.017136
0.012219
-0.003021
-0.018424
-0.023013
-0.013344
0.003862
0.016972
0.017299
0.005337
-0.011378
-0.022193
-0.020555
-0.007281
0.009434
0.019266
0.016480
0.003534
-0.009739
-0.014000
-0.007609
0.003207
0.009597
0.006812
-0.002857
-0.012361
-0.015639
-0.010067
0.001404
0.012383
0.016316
0.010908
-0.000235
-0.009411
-0.010231
-0.003021
0.006156
0.009925
0.005337
-0.004495
-0.013508
-0.016458
-0.011542
-0.001382
0.008286
0.011728
0.006812
-0.003348
-0.011050
-0.010067
-0.000563
0.010908
0.015661
0.009434
-0.004495
-0.017933
-0.022521
-0.014983
0.000748
0.015333
0.018938
0.008614
-0.009575
-0.023341
-0.023341
-0.009903
0.007303
0.017136
0.014186
0.002387
-0.009903
-0.014819
-0.009903
0.001568
0.012875
0.016808
0.011072
-0.001054
-0.012525
-0.016786
-0.012689
-0.004168
0.004190
0.009434
0.011564
0.010745
0.006648
-0.000563
-0.009084
-0.014983
-0.015966
-0.011870
-0.004987
0.001568
0.004681
0.002715
-0.003676
-0.011214
-0.015311
-0.013344
-0.006462
0.001404
0.006648
0.008614
0.008123
0.005828
0.002059
-0.002201
-0.004987
-0.004823
-0.002857
-0.001873
-0.003840
-0.007937
-0.010886
-0.010067
-0.005479
0.001404
0.007631
0.010908
0.008450
0.000257
-0.010067
-0.016622
-0.015475
-0.008264
-0.001054
0.000748
-0.002857
-0.007281
-0.007609
-0.003021
0.003370
0.007795
0.007959
0.004354
-0.001054
-0.005642
-0.007117
-0.005642
-0.003184
-0.002693
-0.004495
-0.006462
-0.005315
-0.000890
0.003534
0.004354
0.001076
-0.003840
-0.006790
-0.006134
-0.003348
-0.000890
-0.000890
-0.003840
-0.008264
-0.011542
-0.011706
-0.009575
-0.007609
-0.008756
-0.011706
-0.012361
-0.007281
0.002059
0.009270
0.008123
-0.001710
-0.014819
-0.022685
-0.020227
-0.008592
0.005828
0.015333
0.015169
0.006320
-0.004332
-0.009411
-0.005806
0.002715
0.009106
0.008778
0.003370
-0.002201
-0.004168
-0.002529
-0.000071
0.001240
0.000421
-0.001873
-0.004823
-0.007281
-0.008101
-0.007117
-0.005970
-0.006298
-0.007937
-0.008264
-0.005315
0.000257
0.003862
0.002879
-0.002037
-0.006462
-0.007281
-0.004495
-0.000563
0.002059
0.002879
0.002387
0.001076
-0.000235
-0.001218
-0.001546
-0.001873
-0.002365
-0.003184
-0.003184
-0.001382
0.000748
0.000585
-0.002693
-0.007445
-0.010231
-0.009248
-0.005151
-0.000399
0.002715
0.003534
0.002387
0.000257
-0.001054
-0.000563
0.000748
0.000748
-0.001873
-0.005806
-0.007445
-0.004659
0.000257
0.002551
-0.000563
-0.006790
-0.011542
-0.011542
-0.007773
-0.003676
-0.001546
-0.001710
-0.003184
-0.004987
-0.005970
-0.005315
-0.003021
-0.000890
-0.000890
-0.003348
-0.005479
-0.004987
-0.001710
0.001568
0.002715
0.002223
0.002059
0.003370
0.004845
0.004681
0.003207
0.002551
0.004026
0.006320
0.007303
0.005501
0.001568
-0.002857
-0.005642
-0.004823
-0.000399
0.005992
0.009597
0.006812
-0.001710
-0.010067
-0.011870
-0.005642
0.004026
0.009761
0.008123
0.000585
-0.007609
-0.012361
-0.011870
-0.007117
-0.000890
0.003370
0.003043
-0.001382
-0.006626
-0.009411
-0.008920
-0.006462
-0.004004
-0.002529
-0.001382
-0.001546
-0.004168
-0.009903
-0.015802
-0.018097
-0.014492
-0.006298
0.002059
0.006320
0.004517
-0.002365
-0.010886
-0.016622
-0.016130
-0.010067
-0.003348
-0.001710
-0.005970
-0.011870
-0.013180
-0.007937
0.000093
0.004190
0.001896
-0.004332
-0.009084
-0.008592
-0.003348
0.003043
0.006484
0.004517
-0.001382
-0.006953
-0.007609
-0.003021
0.002715
0.003698
-0.001873
-0.009411
-0.012853
-0.008920
-0.001382
0.003207
0.000912
-0.007117
-0.014655
-0.016622
-0.011214
-0.001382
0.006484
0.007139
-0.000071
-0.010067
-0.015475
-0.012361
-0.003348
0.004354
0.005009
-0.000890
-0.008264
-0.012361
-0.011870
-0.008428
-0.005315
-0.004332
-0.005479
-0.007609
-0.008920
-0.007445
-0.003676
0.000093
0.001076
-0.000563
-0.002201
-0.002037
-0.000890
-0.001546
-0.004987
-0.008592
-0.009084
-0.005642
-0.001546
-0.000235
-0.003348
-0.008592
-0.013344
-0.015802
-0.015475
-0.013017
-0.009248
-0.006298
-0.004987
-0.004823
-0.004004
-0.002201
-0.001382
-0.004332
-0.010886
-0.016949
-0.017933
-0.013017
-0.005806
-0.000726
0.000257
-0.001873
-0.005479
-0.008428
-0.010067
-0.009575
-0.007281
-0.005315
-0.005151
-0.006298
-0.006298
-0.003676
-0.000071
0.000912
-0.001382
-0.004495
-0.004823
-0.001873
0.000748
0.000093
-0.003676
-0.007609
-0.008756
-0.007117
-0.004659
-0.002857
-0.002693
-0.004168
-0.006134
-0.005806
-0.001218
0.006156
0.010745
0.006648
-0.005315
-0.017441
-0.021046
-0.013836
-0.002201
0.004517
0.001896
-0.006953
-0.015311
-0.017933
-0.014000
-0.006462
-0.000726
-0.000890
-0.007445
-0.015147
-0.016458
-0.007773
0.006484
0.016480
0.015333
0.004517
-0.007937
-0.014000
-0.012197
-0.006790
-0.002857
-0.002529
-0.004332
-0.005151
-0.002857
0.001896
0.005992
0.005173
-0.002037
-0.011870
-0.017113
-0.013180
-0.003021
0.005337
0.006156
0.000257
-0.005970
-0.007281
-0.004495
-0.001710
-0.002857
-0.007445
-0.012525
-0.014819
-0.012853
-0.007773
-0.003184
-0.002857
-0.008101
-0.014819
-0.016130
-0.008756
0.002715
0.009270
0.005009
-0.006790
-0.016294
-0.016130
-0.006953
0.003370
0.007303
0.002551
-0.007609
-0.016786
-0.020227
-0.016458
-0.008428
-0.002693
-0.004004
-0.011214
-0.018097
-0.017441
-0.008920
0.001240
0.005501
0.001404
-0.007281
-0.013672
-0.014328
-0.010395
-0.005151
-0.002365
-0.003676
-0.007773
-0.011378
-0.011214
-0.007117
-0.002693
-0.002201
-0.006298
-0.010722
-0.010559
-0.005151
0.000748
0.001896
-0.002857
-0.010067
-0.014983
-0.015639
-0.012853
-0.009575
-0.008756
-0.012361
-0.019408
-0.025635
-0.025635
-0.017769
-0.006790
-0.001218
-0.005315
-0.015639
-0.023832
-0.024324
-0.018916
-0.013508
-0.012361
-0.015802
-0.020063
-0.021374
-0.017933
-0.010886
-0.003348
0.000257
-0.002529
-0.010067
-0.017605
-0.020391
-0.018097
-0.014492
-0.013017
-0.014492
-0.016949
-0.019244
-0.021702
-0.024488
-0.026618
-0.025962
-0.022030
-0.017113
-0.013672
-0.012689
-0.013508
-0.015147
-0.017277
-0.018916
-0.019080
-0.018097
-0.017769
-0.020391
-0.024815
-0.027437
-0.025635
-0.020718
-0.017113
-0.017277
-0.019244
-0.018588
-0.013508
-0.007117
-0.004004
-0.006134
-0.011706
-0.017113
-0.019899
-0.019080
-0.015147
-0.010886
-0.009575
-0.012689
-0.017605
-0.019244
-0.014164
-0.004987
0.002059
0.002387
-0.001710
-0.004332
-0.001382
0.005173
0.010581
0.011400
0.007959
0.002879
-0.001054
-0.002365
-0.001218
0.000421
-0.000726
-0.006298
-0.013180
-0.015966
-0.011542
-0.002857
0.002879
0.001076
-0.005806
-0.010886
-0.009084
-0.001710
0.005992
0.008778
0.004681
-0.004659
-0.014819
-0.020718
-0.018588
-0.010395
-0.003184
-0.004332
-0.014983
-0.028093
-0.034156
-0.029076
-0.017441
-0.006953
-0.001873
-0.001710
-0.003184
-0.004823
-0.006298
-0.007117
-0.006298
-0.004332
-0.002201
-0.001546
-0.002201
-0.003676
-0.006134
-0.009903
-0.013508
-0.014164
-0.010886
-0.006626
-0.006953
-0.014492
-0.024815
-0.030551
-0.027273
-0.016786
-0.005806
-0.000563
-0.003676
-0.014000
-0.026946
-0.036286
-0.036942
-0.029404
-0.019571
-0.015475
-0.019899
-0.028257
-0.033336
-0.031534
-0.025635
-0.020391
-0.017769
-0.016786
-0.015802
-0.015147
-0.015475
-0.016622
-0.016949
-0.016458
-0.015639
-0.014655
-0.012361
-0.008756
-0.005970
-0.007117
-0.012689
-0.019244
-0.022193
-0.019735
-0.013836
-0.007445
-0.002037
0.001404
0.002059
-0.001546
-0.008428
-0.013836
-0.013672
-0.008101
-0.001710
0.000093
-0.004495
-0.013836
-0.024160
-0.031206
-0.031534
-0.023832
-0.012033
-0.004987
-0.009739
-0.024651
-0.039400
-0.042513
-0.032026
-0.017113
-0.009575
-0.014819
-0.028257
-0.040219
-0.043824
-0.037269
-0.025635
-0.016786
-0.017769
-0.029895
-0.045955
-0.054640
-0.049724
-0.035958
-0.025307
-0.026290
-0.037106
-0.047921
-0.050543
-0.043988
-0.033828
-0.025799
-0.022849
-0.023832
-0.025471
-0.024160
-0.017441
-0.008264
-0.002857
-0.005642
-0.013836
-0.018097
-0.012033
0.000257
0.006484
-0.002037
-0.022030
-0.040383
-0.046118
-0.037761
-0.023341
-0.013508
-0.014655
-0.027110
-0.045135
-0.058900
-0.059064
-0.042513
-0.014983
0.013858
0.037619
0.056464
0.071704
0.079406
0.070721
0.041388
-0.000563
-0.036778
-0.049887
-0.033173
0.007139
0.057120
0.100054
0.121848
0.116932
0.091696
0.063019
0.050237
0.062036
0.092024
0.123979
0.142004
0.137744
0.113491
0.079406
0.051548
0.044174
0.062691
0.097104
0.127748
0.136925
0.121193
0.091696
0.066624
0.058595
0.068591
0.086453
0.096613
0.087108
0.058758
0.025821
0.007467
0.012711
0.032703
0.047451
0.043191
0.024510
0.009434
0.012711
0.033850
0.057447
0.065641
0.049746
0.016808
-0.015966
-0.029404
-0.014492
0.020741
0.054170
0.065805
0.052367
0.031556
0.026968
0.049418
0.088911
0.124307
0.139710
0.133811
0.116277
0.099234
0.089238
0.086944
0.087763
0.085797
0.078914
0.071213
0.070066
0.078751
0.091369
0.098579
0.095957
0.091041
0.096449
0.117752
0.150198
0.182808
0.209519
0.231314
0.252125
0.273756
0.295059
0.314232
0.329964
0.340943
0.347662
0.355363
0.371914
0.401411
0.437298
0.463026
0.463026
0.432874
0.382074
0.326358
0.279000
0.247701
0.235247
0.237049
0.240327
0.228200
0.190182
0.131845
0.071376
0.027131
0.002879
-0.014000
-0.041038
-0.088561
-0.152634
-0.221459
-0.282419
-0.328958
-0.359766
-0.376317
-0.380741
-0.377464
-0.374186
-0.379430
-0.397784
-0.425314
-0.452025
-0.470870
-0.482177
-0.491026
-0.498564
-0.499055
-0.486601
-0.465626
-0.448583
-0.441865
-0.434163
-0.401880
-0.329614
-0.227850
-0.129037
-0.065291
-0.047921
-0.063489
-0.085775
-0.091838
-0.070699
-0.027110
0.023035
0.061872
0.081864
0.091533
0.107428
0.136597
0.168060
0.182480
0.171829
0.150198
0.143315
0.168224
0.222137
0.287521
0.345531
0.383057
0.395020
0.382566
0.354052
0.322098
0.297353
0.283261
0.278672
0.283097
0.296862
0.314724
0.323573
0.309480
0.271626
0.227053
0.198540
0.197393
0.214927
0.231805
0.231150
0.207716
0.166585
0.120538
0.085469
0.072196
0.077603
0.083994
0.070066
0.027623
-0.033173
-0.093313
-0.140344
-0.171807
-0.189669
-0.195076
-0.189996
-0.182786
-0.184261
-0.198682
-0.218510
-0.232275
-0.236372
-0.237027
-0.243418
-0.261935
-0.295365
-0.342396
-0.391557
-0.418759
-0.398111
-0.325189
-0.231128
-0.164760
-0.157550
-0.198190
-0.244237
-0.256364
-0.225228
-0.170004
-0.118221
-0.087741
-0.080367
-0.084136
-0.079384
-0.048413
0.012875
0.090058
0.162652
0.222137
0.276870
0.335699
0.388629
0.409932
0.381910
0.318329
0.260319
0.246881
0.289651
0.366670
0.435824
0.455488
0.403213
0.290799
0.164455
0.081536
0.070229
0.105298
0.125126
0.080717
-0.023996
-0.139852
-0.215560
-0.236208
-0.223262
-0.210152
-0.217035
-0.244401
-0.277667
-0.293398
-0.269473
-0.201467
-0.113305
-0.043824
-0.014492
-0.008428
0.011400
0.060889
0.112836
0.119063
0.054826
-0.058572
-0.173446
-0.254070
-0.295693
-0.316832
-0.340265
-0.383527
-0.454647
-0.547725
-0.640803
-0.706023
-0.732079
-0.736176
-0.748794
-0.785009
-0.827779
-0.844821
-0.818930
-0.765836
-0.722574
-0.722574
-0.775504
-0.865141
-0.956909
-1.015740
-1.021470
-0.981817
-0.928395
-0.895457
-0.897096
-0.918891
-0.929215
-0.901357
-0.828598
-0.727163
-0.627366
-0.559360
-0.535107
-0.539695
-0.539368
-0.504463
-0.431377
-0.342559
-0.267671
-0.224573
-0.218018
-0.247023
-0.302903
-0.360749
-0.378283
-0.315521
-0.160336
0.067116
0.337010
0.631485
0.942510
1.253860
1.537360
1.769230
1.945560
2.068300
2.123030
2.083210
1.949160
1.773820
1.629620
1.533750
1.410520
1.143740
0.681137
0.091205
-0.488240
-0.960350
-1.334140
-1.691700
-2.099580
-2.552840
-2.990700
-3.350230
-3.599970
-3.735160
-3.757780
-3.671250
-3.491650
-3.257320
-3.020690
-2.826500
-2.690650
-2.593320
-2.494010
-2.362260
-2.203960
-2.059100
-1.966180
-1.919970
-1.860650
-1.712020
-1.438030
-1.070470
-0.686359
-0.351245
-0.076598
0.176089
0.450572
0.742097
0.980036
1.065250
0.945951
0.670813
0.374372
0.192476
0.170846
0.245734
0.308333
0.298500
0.241310
0.207061
0.243276
0.343892
0.471383
0.595433
0.715058
0.862378
1.097200
1.486230
2.055020
2.732140
3.351240
3.740260
3.844490
3.771240
3.702570
3.743870
3.843180
3.855790
3.683570
3.360580
3.016610
2.770810
2.656430
2.628080
2.620380
2.599890
2.578750
2.601040
2.714770
2.937140
3.229970
3.508390
3.689140
3.745840
3.724370
3.697490
3.703070
3.716180
3.675540
3.532970
3.281590
2.950570
2.583510
2.222010
1.891810
1.592260
1.294670
0.959553
0.569869
0.151017
-0.241288
-0.558540
-0.792383
-0.979850
-1.181900
-1.452620
-1.815100
-2.251650
-2.710650
-3.129010
-3.462970
-3.700750
-3.851840
-3.923610
-3.910340
-3.809400
-3.642900
-3.453310
-3.271740
-3.084600
-2.835680
-2.466150
-1.959140
-1.353640
-0.721099
-0.131822
0.363393
0.731609
0.952834
1.024450
0.973154
0.855659
0.741605
0.680154
0.673927
0.679335
0.639842
0.531524
0.391415
0.302433
0.345531
0.551516
0.884008
1.261730
1.597170
1.826590
1.928030
1.929830
1.910160
1.970800
2.181040
2.521560
2.879130
3.111500
3.143940
3.019070
2.854380
2.745250
2.697890
2.648730
2.539750
2.374080
2.197590
2.036830
1.865920
1.638140
1.344320
1.035100
0.778804
0.599694
0.461715
0.308824
0.116605
-0.095280
-0.297823
-0.486765
-0.678002
-0.874646
-1.050970
-1.178130
-1.272690
-1.411810
-1.693500
-2.161850
-2.757680
-3.334830
-3.736470
-3.884940
-3.829060
-3.717460
-3.709930
-3.878390
-4.160080
-4.391630
-4.407850
-4.138280
-3.641430
-3.054770
-2.502040
-2.021740
-1.565030
-1.055230
-0.460874
0.172484
0.749307
1.182250
1.438380
1.543420
1.553090
1.519010
1.470990
1.414950
1.336620
1.210270
1.013630
0.750127
0.457782
0.191166
-0.009903
-0.141163
-0.219657
-0.255381
-0.239157
-0.161975
-0.043169
0.069246
0.126765
0.108247
0.023854
-0.101834
-0.239977
-0.355833
-0.411549
-0.392704
-0.335513
-0.319782
-0.417940
-0.642442
-0.941996
-1.250730
-1.538320
-1.813460
-2.086470
-2.339150
-2.540390
-2.681480
-2.788320
-2.891720
-2.988900
-3.041170
-3.011180
-2.901720
-2.758990
-2.641990
-2.585120
-2.583650
-2.600360
-2.582340
-2.479750
-2.264590
-1.944390
-1.563560
-1.184360
-0.856784
-0.599016
-0.399259
-0.238338
-0.111503
-0.033336
-0.019571
-0.063161
-0.124121
-0.148701
-0.104292
-0.003184
0.107100
0.178056
0.193951
0.177073
0.167896
0.199359
0.279983
0.393054
0.503174
0.576096
0.602807
0.613131
0.656721
0.762089
0.910064
1.056400
1.184220
1.325970
1.519500
1.738260
1.879360
1.840520
1.625360
1.367430
1.240100
1.330390
1.587180
1.879190
2.096320
2.198410
2.195300
2.105000
1.943590
1.741870
1.549160
1.412160
1.350870
1.361690
1.433630
1.551120
1.676810
1.748750
1.713190
1.573250
1.400200
1.285160
1.268120
1.307120
1.314330
1.224860
1.044930
0.846318
0.720958
0.729807
0.871063
1.083110
1.276970
1.388070
1.413470
1.412330
1.463780
1.610940
1.833470
2.064360
2.233480
2.302960
2.273300
2.165800
2.005040
1.815770
1.631090
1.497700
1.462800
1.548170
1.726630
1.922950
2.044860
2.030440
1.881490
1.660750
1.452640
1.312690
1.237310
1.174390
1.066890
0.899904
0.717353
0.588059
0.546436
0.552991
0.512843
0.346514
0.057120
-0.269146
-0.537237
-0.737323
-0.974279
-1.398370
-2.084170
-2.952520
-3.802680
-4.435540
-4.775900
-4.903560
-4.970740
-5.073000
-5.174110
-5.143300
-4.869470
-4.362950
-3.766130
-3.268460
-2.992340
-2.923680
-2.927610
-2.827650
-2.504500
-1.963240
-1.339550
-0.830729
-0.584596
-0.608521
-0.770097
-0.892999
-0.880873
-0.772227
-0.686687
-0.716675
-0.854654
-1.008860
-1.074730
-0.994271
-0.770752
-0.445798
-0.072174
0.308824
0.682284
1.059510
1.456410
1.859860
2.216600
2.460110
2.555320
2.511240
2.352940
2.085010
1.697950
1.212240
0.708667
0.295879
0.039422
-0.088233
-0.182458
-0.333055
-0.560343
-0.806967
-0.977228
-0.990830
-0.823846
-0.521178
-0.178853
0.103003
0.273101
0.352741
0.406982
0.485804
0.585601
0.661801
0.674746
0.624110
0.544306
0.473350
0.430088
0.415012
0.422059
0.444181
0.468598
0.470564
0.418126
0.285227
0.066296
-0.218510
-0.534451
-0.854162
-1.173380
-1.504400
-1.843450
-2.143160
-2.320470
-2.304250
-2.085650
-1.725130
-1.310700
-0.906109
-0.531829
-0.184753
0.135777
0.420092
0.657048
0.840747
0.968238
1.041320
1.074750
1.094580
1.110480
1.083770
0.932350
0.591664
0.088255
-0.446945
-0.848754
-1.023280
-1.001650
-0.902995
-0.844658
-0.875957
-0.973787
-1.085060
-1.164200
-1.189280
-1.156010
-1.073090
-0.949862
-0.778126
-0.517245
-0.109536
0.467451
1.147350
1.777100
2.190050
2.304600
2.166460
1.899840
1.615030
1.352020
1.105400
0.880731
0.713092
0.624274
0.573966
0.472039
0.250978
-0.074304
-0.418923
-0.698649
-0.884150
-0.991321
-1.032120
-0.988536
-0.834989
-0.575911
-0.255053
0.062036
0.306202
0.414193
0.347006
0.129550
-0.129856
-0.285533
-0.250956
-0.068405
0.121685
0.191493
0.114474
-0.041038
-0.194421
-0.315685
-0.418104
-0.507741
-0.558868
-0.538057
-0.440062
-0.295365
-0.147390
-0.029076
0.046796
0.097104
0.173795
0.350120
0.669175
1.089010
1.483280
1.709420
1.700250
1.496880
1.205190
0.919732
0.681137
0.480724
0.285882
0.059250
-0.228997
-0.581318
-0.960678
-1.302670
-1.553070
-1.695640
-1.745290
-1.720050
-1.626970
-1.475390
-1.290550
-1.102590
-0.919218
-0.719952
-0.486601
-0.237846
-0.025143
0.109067
0.169699
0.204111
0.260646
0.351267
0.449261
0.517759
0.538406
0.522839
0.504649
0.516120
0.563642
0.617883
0.632632
0.589206
0.525952
0.521036
0.628699
0.825671
1.015600
1.093930
1.020840
0.843041
0.654918
0.536440
0.512679
0.554138
0.602643
0.601824
0.516120
0.337010
0.079406
-0.224573
-0.526913
-0.765672
-0.873007
-0.798774
-0.537237
-0.138541
0.305219
0.693755
0.951359
1.050010
1.016910
0.922026
0.844188
0.825507
0.845499
0.841402
0.764056
0.623291
0.481707
0.402558
0.399608
0.430088
0.428286
0.346514
0.176253
-0.051198
-0.275373
-0.428264
-0.469723
-0.414826
-0.328303
-0.277011
-0.279142
-0.293726
-0.260624
-0.150668
0.018283
0.205914
0.380763
0.530049
0.651968
0.746521
0.810431
0.829604
0.771430
0.597400
0.300303
-0.060211
-0.368451
-0.513148
-0.457760
-0.259313
-0.028584
0.133647
0.177237
0.109394
-0.020555
-0.142638
-0.197043
-0.163449
-0.069224
0.036472
0.125945
0.208864
0.307349
0.416651
0.498094
0.511859
0.452211
0.349956
0.240327
0.136105
0.029098
-0.092330
-0.232275
-0.392376
-0.576894
-0.789761
-1.033930
-1.315130
-1.646310
-2.030590
-2.434850
-2.786030
-3.006600
-3.067390
-3.003480
-2.875660
-2.712120
-2.488110
-2.165290
-1.747750
-1.301200
-0.913975
-0.635559
-0.443995
-0.267179
-0.039891
0.247045
0.541356
0.768808
0.890563
0.932022
0.959225
1.022480
1.113100
1.168810
1.122110
0.947754
0.674419
0.360935
0.065149
-0.176395
-0.355014
-0.488404
-0.606390
-0.726999
-0.839086
-0.911680
-0.930526
-0.919710
-0.923479
-0.956253
-0.980014
-0.935769
-0.800740
-0.607701
-0.403355
-0.189833
0.081045
0.450572
0.895971
1.333180
1.682880
1.931790
2.129750
2.334260
2.555810
2.753280
2.870280
2.875360
2.777860
2.617920
2.445200
2.296730
2.176940
2.057480
1.901150
1.697300
1.479020
1.298600
1.182420
1.105230
1.012480
0.869752
0.693755
0.534310
0.427958
0.364540
0.295715
0.173468
-0.014328
-0.237027
-0.439571
-0.574763
-0.629660
-0.638837
-0.672266
-0.794186
-1.013610
-1.265150
-1.448680
-1.511120
-1.503090
-1.552740
-1.763970
-2.118580
-2.471720
-2.652150
-2.586110
-2.343090
-2.069910
-1.878020
-1.778880
-1.707930
-1.599120
-1.438360
-1.258760
-1.101770
-0.982472
-0.883659
-0.769933
-0.608193
-0.383691
-0.108717
0.183628
0.455160
0.682612
0.861394
0.995112
1.082460
1.122930
1.133750
1.157180
1.236980
1.377260
1.518680
1.563250
1.441660
1.176190
0.883517
0.703751
0.698671
0.798632
0.848449
0.725054
0.434349
0.103331
-0.128381
-0.226376
-0.281108
-0.413843
-0.653421
-0.892835
-0.961989
-0.749613
-0.282255
0.290143
0.773232
1.021330
0.998881
0.794044
0.574130
0.496456
0.617228
0.864836
1.102780
1.238460
1.285650
1.328920
1.427070
1.549810
1.603890
1.520480
1.321710
1.107360
0.980856
0.974629
1.030180
1.039030
0.915472
0.653115
0.333569
0.076620
-0.038253
-0.025635
0.015169
-0.034647
-0.241615
-0.596394
-1.039830
-1.505050
-1.935050
-2.281140
-2.507780
-2.613960
-2.651820
-2.705730
-2.836830
-3.030690
-3.194230
-3.207010
-2.989720
-2.550710
-1.985850
-1.441800
-1.059160
-0.912828
-0.973296
-1.114060
-1.174530
-1.051630
-0.762886
-0.432196
-0.199665
-0.122974
-0.141163
-0.127398
0.015005
0.288996
0.614934
0.896299
1.081140
1.176190
1.216990
1.232890
1.233710
1.223060
1.212080
1.218140
1.245670
1.267300
1.226820
1.073610
0.810758
0.518086
0.318493
0.293584
0.413537
0.542503
0.535948
0.356838
0.114802
-0.012853
0.084322
0.366507
0.676713
0.855495
0.846154
0.719319
0.615098
0.650494
0.850907
1.137350
1.372670
1.444280
1.338580
1.154230
1.042630
1.107040
1.334490
1.605860
1.769890
1.726790
1.471320
1.080980
0.673599
0.355200
0.176089
0.111852
0.082847
0.006648
-0.147062
-0.338463
-0.492828
-0.562145
-0.565259
-0.579843
-0.693078
-0.943635
-1.290220
-1.625330
-1.825580
-1.815420
-1.606820
-1.293830
-1.006070
-0.849082
-0.859078
-0.989519
-1.131430
-1.163380
-1.018850
-0.734373
-0.441373
-0.288482
-0.341904
-0.536582
-0.721427
-0.758790
-0.601802
-0.299462
0.050565
0.350775
0.525952
0.534473
0.385188
0.151673
-0.049232
-0.114944
-0.016458
0.181169
0.350283
0.361263
0.146265
-0.257839
-0.706187
-1.005250
-1.022130
-0.779437
-0.459563
-0.288155
-0.376481
-0.639820
-0.856456
-0.825157
-0.497908
-0.002529
0.447950
0.688348
0.691297
0.565773
0.474661
0.524805
0.700802
0.885319
0.948737
0.839764
0.612148
0.381583
0.253928
0.279655
0.447786
0.700474
0.954964
1.131290
1.182580
1.112940
0.966107
0.796830
0.651313
0.563806
0.552827
0.604774
0.662784
0.656721
0.563970
0.442215
0.389776
0.457618
0.598383
0.708831
0.722924
0.668683
0.639023
0.715714
0.915635
1.189950
1.454930
1.628470
1.665510
1.589140
1.485580
1.449520
1.512120
1.624700
1.719910
1.789550
1.890660
2.069770
2.291820
2.452410
2.464210
2.319180
2.075840
1.804630
1.557350
1.369390
1.252220
1.162920
1.004620
0.697524
0.263760
-0.179673
-0.538057
-0.846624
-1.235490
-1.774460
-2.366680
-2.823720
-3.051330
-3.149820
-3.324670
-3.707630
-4.267250
-4.869960
-5.385660
-5.724870
-5.817460
-5.623270
-5.196230
-4.708390
-4.356720
-4.216290
-4.189250
-4.110920
-3.907550
-3.643560
-3.425120
-3.283860
-3.161780
-2.995130
-2.782090
-2.563330
-2.355380
-2.125790
-1.832790
-1.474250
-1.091940
-0.738961
-0.453500
-0.255381
-0.143785
-0.090200
-0.043497
0.032703
0.122996
0.162324
0.089402
-0.100196
-0.350753
-0.589676
-0.767639
-0.862519
-0.863503
-0.767475
-0.593445
-0.384838
-0.185572
-0.009575
0.164946
0.372242
0.630829
0.935791
1.271560
1.627980
2.005370
2.407670
2.821940
3.196380
3.439400
3.461030
3.242760
2.887160
2.591700
2.554340
2.867660
3.469220
4.166980
4.717420
4.921770
4.712180
4.185500
3.554760
3.020380
2.648560
2.359000
2.032900
1.639290
1.255170
0.969385
0.787981
0.641972
0.475972
0.297845
0.132664
-0.046610
-0.307000
-0.668169
-1.058180
-1.390180
-1.675810
-2.026650
-2.509910
-3.011510
-3.278780
-3.128840
-2.623960
-2.030750
-1.604030
-1.406730
-1.323980
-1.230740
-1.127830
-1.127830
-1.331190
-1.726610
-2.194130
-2.582660
-2.788320
-2.788650
-2.632480
-2.403720
-2.175770
-1.976180
-1.783960
-1.563060
-1.300220
-1.015410
-0.735192
-0.460054
-0.152634
0.245570
0.780443
1.452970
2.199720
2.903870
3.446280
3.772710
3.924130
3.994100
4.042770
4.045230
3.925440
3.639480
3.225060
2.766710
2.323120
1.892630
1.448870
0.997243
0.591828
0.299484
0.156097
0.157244
0.278017
0.487115
0.743080
0.986427
1.152920
1.202410
1.135390
0.985936
0.800926
0.627388
0.509893
0.485968
0.568886
0.727512
0.885156
0.947098
0.843369
0.557415
0.119882
-0.426625
-1.055230
-1.745620
-2.442560
-3.029050
-3.362030
-3.359570
-3.072640
-2.667390
-2.319980
-2.104160
-1.964380
-1.785270
-1.490960
-1.087680
-0.636051
-0.198026
0.187888
0.500225
0.725054
0.859592
0.916455
0.914161
0.863361
0.768644
0.645250
0.525461
0.439920
0.392070
0.358969
0.322098
0.294404
0.310463
0.388629
0.505305
0.612967
0.679662
0.714075
0.752421
0.827146
0.947754
1.100480
1.255010
1.366280
1.383650
1.273040
1.045420
0.762581
0.506288
0.327342
0.215254
0.112344
-0.040055
-0.261116
-0.526586
-0.799757
-1.064900
-1.332990
-1.614360
-1.887530
-2.093180
-2.162670
-2.056150
-1.783470
-1.397880
-0.972968
-0.580171
-0.270129
-0.055459
0.094810
0.234591
0.400755
0.582324
0.734067
0.825998
0.878109
0.941035
1.038050
1.132270
1.157840
1.086060
0.958897
0.853365
0.816822
0.837633
0.872046
0.886139
0.869588
0.817641
0.721122
0.582487
0.430416
0.301450
0.196737
0.069246
-0.136739
-0.421381
-0.712087
-0.916269
-0.999843
-1.019340
-1.080140
-1.257280
-1.542740
-1.849840
-2.063200
-2.096790
-1.932430
-1.623700
-1.263510
-0.930853
-0.650144
-0.393031
-0.119204
0.179039
0.470072
0.715714
0.906950
1.067380
1.222240
1.365620
1.458210
1.451330
1.317610
1.065080
0.736361
0.394364
0.102348
-0.099704
-0.210316
-0.263738
-0.303067
-0.355505
-0.422036
-0.489551
-0.545922
-0.583449
-0.592134
-0.558049
-0.471361
-0.336660
-0.170824
0.005173
0.174451
0.323900
0.440412
0.513662
0.540864
0.524969
0.467778
0.367818
0.232297
0.087763
-0.027601
-0.094788
-0.139688
-0.225392
-0.411385
-0.709792
-1.078340
-1.446390
-1.748890
-1.940130
-1.992730
-1.899000
-1.678260
-1.371170
-1.013770
-0.610487
-0.138050
0.412390
0.995768
1.520970
1.904760
2.122210
2.206770
2.205460
2.140730
2.012910
1.834460
1.643710
1.483280
1.368240
1.280570
1.196340
1.108020
1.017890
0.916291
0.779951
0.596416
0.382566
0.165274
-0.060047
-0.346328
-0.753874
-1.286620
-1.863930
-2.362260
-2.688360
-2.825030
-2.814210
-2.706880
-2.526460
-2.270330
-1.936030
-1.541110
-1.118160
-0.696027
-0.279469
0.150526
0.613131
1.091960
1.516380
1.786770
1.836590
1.687790
1.444770
1.221910
1.059020
0.899904
0.649510
0.262285
-0.218346
-0.691603
-1.066370
-1.303820
-1.414760
-1.437210
-1.419350
-1.411980
-1.449670
-1.526850
-1.589280
-1.563060
-1.400010
-1.102750
-0.711759
-0.271604
0.188544
0.648035
1.083930
1.470340
1.784800
2.009470
2.124830
2.114670
1.988490
1.799220
1.625850
1.523760
1.485580
1.452800
1.368240
1.223550
1.056890
0.913833
0.811742
0.738000
0.670486
0.592811
0.495472
0.376503
0.249667
0.147904
0.103331
0.119390
0.162980
0.193460
0.199687
0.206733
0.241965
0.296698
0.321606
0.256714
0.064986
-0.255053
-0.671775
-1.126190
-1.542090
-1.855410
-2.055820
-2.198390
-2.359150
-2.563660
-2.754890
-2.840270
-2.772590
-2.587090
-2.357180
-2.119730
-1.849840
-1.506040
-1.087190
-0.638017
-0.198682
0.235574
0.697524
1.190610
1.656980
2.002750
2.161700
2.136140
1.990130
1.809060
1.659110
1.565540
1.508680
1.437400
1.296960
1.060660
0.743572
0.388301
0.033850
-0.302247
-0.616714
-0.901684
-1.136670
-1.300380
-1.388380
-1.417550
-1.418690
-1.421970
-1.445410
-1.484900
-1.512920
-1.490800
-1.395920
-1.241710
-1.070800
-0.919382
-0.786156
-0.636542
-0.439734
-0.206711
0.010581
0.157081
0.217385
0.226070
0.240490
0.300467
0.407310
0.530049
0.631648
0.691625
0.713256
0.712109
0.694902
0.645741
0.533162
0.332094
0.050565
-0.264557
-0.544447
-0.732570
-0.813031
-0.816308
-0.796807
-0.794677
-0.808115
-0.796644
-0.716020
-0.557557
-0.357308
-0.167874
-0.013672
0.126601
0.296370
0.518414
0.770283
0.997407
1.148000
1.199950
1.165370
1.075410
0.961847
0.841730
0.712436
0.560365
0.385188
0.217712
0.113327
0.114638
0.212960
0.345695
0.435988
0.442215
0.377322
0.287030
0.214435
0.182153
0.194607
0.244096
0.310955
0.364376
0.377650
0.346351
0.290962
0.238688
0.202473
0.177073
0.150362
0.111033
0.045321
-0.066766
-0.236863
-0.446945
-0.645064
-0.771244
-0.793202
-0.717494
-0.567881
-0.359274
-0.096263
0.208372
0.518250
0.786342
0.981020
1.099010
1.154070
1.160130
1.126540
1.063120
0.984625
0.902526
0.818624
0.730954
0.642955
0.565937
0.504977
0.448442
0.374700
0.273428
0.157081
0.051384
-0.027437
-0.081023
-0.117894
-0.134608
-0.112158
-0.031534
0.107920
0.282113
0.452538
0.581340
0.644266
0.637220
0.575769
0.485640
0.387318
0.282933
0.157900
-0.002365
-0.194257
-0.393359
-0.571158
-0.717003
-0.846460
-0.989683
-1.169780
-1.384120
-1.602070
-1.777900
-1.872290
-1.870480
-1.786420
-1.650410
-1.485880
-1.295140
-1.065720
-0.792711
-0.499547
-0.235716
-0.051526
0.033195
0.041552
0.026312
0.038930
0.104150
0.213616
0.337665
0.443689
0.510385
0.531852
0.517595
0.487443
0.465320
0.470892
0.512351
0.583471
0.667700
0.747341
0.808792
0.846318
0.858117
0.845827
0.814528
0.774215
0.735542
0.702932
0.668355
0.613950
0.523330
0.393217
0.235410
0.070066
-0.086267
-0.226867
-0.353539
-0.469395
-0.573780
-0.662434
-0.728638
-0.768294
-0.782879
-0.783534
-0.790744
-0.825649
-0.896768
-0.988208
-1.061290
-1.070630
-0.987225
-0.814833
-0.589840
-0.364846
-0.186227
-0.076434
-0.028584
-0.014819
-0.000726
0.036636
0.102184
0.186086
0.275723
0.363557
0.447131
0.523330
0.584782
0.623291
0.637056
0.631976
0.616245
0.592975
0.556268
0.496456
0.408621
0.297353
0.176909
0.065969
-0.017441
-0.063489
-0.072993
-0.057262
-0.029404
0.004190
0.046304
0.103331
0.174942
0.250323
0.311774
0.346023
0.351431
0.338157
0.322098
0.315543
0.321442
0.331274
0.331274
0.310627
0.269987
0.221482
0.179531
0.151017
0.130534
0.105953
0.067116
0.010089
-0.065619
-0.160500
-0.275045
-0.404011
-0.531338
-0.631463
-0.678329
-0.657354
-0.573125
-0.449894
-0.319618
-0.207367
-0.122154
-0.057917
-0.008101
0.023035
0.019266
-0.034320
-0.133953
-0.249154
-0.333710
-0.347803
-0.281928
-0.165580
-0.058081
-0.020063
-0.082334
-0.229489
-0.410238
-0.569683
-0.680296
-0.746827
-0.787631
-0.807295
-0.789761
-0.715200
-0.582957
-0.417448
-0.252103
-0.106750
0.021560
0.150034
0.293420
0.450080
0.600349
0.715386
0.770283
0.759959
0.705062
0.642300
0.601169
0.583634
0.562331
0.501044
0.380272
0.206897
0.004354
-0.203270
-0.400406
-0.574272
-0.708973
-0.787631
-0.799921
-0.748138
-0.645391
-0.508068
-0.352392
-0.193602
-0.046774
0.074818
0.161669
0.208372
0.213288
0.181333
0.128567
0.082683
0.072851
0.113819
0.195098
0.285882
0.352741
0.375847
0.355527
0.305383
0.243276
0.186905
0.153148
0.157408
0.209355
0.307513
0.438446
0.582160
0.718991
0.834356
0.918749
0.966927
0.976267
0.946935
0.882042
0.787653
0.673271
0.552008
0.440904
0.354544
0.297681
0.259172
0.216893
0.150526
0.055153
-0.054148
-0.154600
-0.233422
-0.295529
-0.357144
-0.428427
-0.501350
-0.554607
-0.571978
-0.557229
-0.533960
-0.528880
-0.551002
-0.582793
-0.587873
-0.532813
-0.408435
-0.239977
-0.077254
0.028606
0.050565
-0.002365
-0.094296
-0.187538
-0.263738
-0.327156
-0.390082
-0.453500
-0.501022
-0.510362
-0.473328
-0.406141
-0.343379
-0.317487
-0.338627
-0.386149
-0.420726
-0.407452
-0.339118
-0.241124
-0.154273
-0.105276
-0.086594
-0.062178
0.005501
0.124962
0.267693
0.383877
0.432874
0.404688
0.323736
0.232789
0.173631
0.168551
0.215418
0.294404
0.382074
0.463518
0.536604
0.602643
0.657376
0.688020
0.680154
0.630501
0.549222
0.454505
0.363229
0.284408
0.220171
0.169535
0.129059
0.093171
0.054334
0.004190
-0.063161
-0.149520
-0.250301
-0.354030
-0.444651
-0.509215
-0.545431
-0.563129
-0.577222
-0.596067
-0.614584
-0.619664
-0.599836
-0.553460
-0.489223
-0.421873
-0.365993
-0.330761
-0.315849
-0.309130
-0.289957
-0.239157
-0.150668
-0.037597
0.073998
0.156753
0.192804
0.176745
0.112508
0.010417
-0.115599
-0.249645
-0.375497
-0.478080
-0.542645
-0.556246
-0.511346
-0.412696
-0.282255
-0.153453
-0.055459
0.002059
0.034342
0.069574
0.129386
0.213616
0.303089
0.375356
0.422059
0.454996
0.496947
0.562823
0.648035
0.728496
0.774707
0.769135
0.714731
0.631976
0.544470
0.466631
0.398134
0.329308
0.252453
0.168224
0.083831
0.004681
-0.072993
-0.160500
-0.266196
-0.383691
-0.489879
-0.553952
-0.555099
-0.494467
-0.395653
-0.290449
-0.201795
-0.132642
-0.068569
0.007467
0.100709
0.198540
0.278344
0.321770
0.325047
0.301450
0.273428
0.261957
0.279819
0.326850
0.392234
0.456635
0.498914
0.501863
0.457454
0.369620
0.253108
0.129550
0.019430
-0.065455
-0.126906
-0.177051
-0.227195
-0.276356
-0.309130
-0.305525
-0.257675
-0.179836
-0.100851
-0.046446
-0.023504
-0.017113
-0.002693
0.036144
0.098087
0.167404
0.225578
0.264907
0.291782
0.320459
0.360443
0.408130
0.447622
0.461224
0.439757
0.387318
0.316198
0.238524
0.161833
0.089730
0.027131
-0.018097
-0.038744
-0.035631
-0.023013
-0.024160
-0.060867
-0.139524
-0.244074
-0.343707
-0.410402
-0.435146
-0.432852
-0.430394
-0.447600
-0.484307
-0.520031
-0.526586
-0.483160
-0.387952
-0.258986
-0.127890
-0.026782
0.024018
0.023035
-0.013344
-0.061194
-0.099048
-0.115763
-0.110356
-0.087905
-0.055623
-0.018752
0.017791
0.048271
0.062855
0.048599
-0.003840
-0.092330
-0.198190
-0.293398
-0.355997
-0.384838
-0.400733
-0.431377
-0.487585
-0.550347
-0.578369
-0.533304
-0.406633
-0.229653
-0.055459
0.070885
0.138727
0.172484
0.209355
0.269659
0.341598
0.392234
0.391906
0.337829
0.256386
0.186577
0.153475
0.152001
0.149870
0.110541
0.020249
-0.097574
-0.194749
-0.230308
-0.199337
-0.136902
-0.093969
-0.100196
-0.144277
-0.183278
-0.173773
-0.100687
0.015005
0.130861
0.209027
0.233280
0.213452
0.174123
0.137416
0.110050
0.082847
0.038766
-0.031862
-0.124612
-0.223918
-0.313554
-0.385330
-0.440718
-0.485782
-0.525275
-0.562473
-0.599180
-0.635068
-0.663909
-0.673741
-0.649980
-0.585743
-0.489059
-0.381724
-0.288974
-0.226539
-0.191963
-0.167710
-0.132970
-0.076926
-0.003021
0.074654
0.142496
0.197556
0.248520
0.308660
0.384532
0.469581
0.544961
0.589370
0.587895
0.539226
0.455816
0.359132
0.272773
0.215418
0.193460
0.200670
0.221973
0.242293
0.256058
0.268021
0.288177
0.322262
0.366343
0.408785
0.436151
0.439593
0.418781
0.381419
0.340123
0.305711
0.281622
0.260319
0.227872
0.172157
0.089238
-0.016294
-0.135919
-0.259805
-0.375170
-0.464807
-0.509543
-0.497744
-0.432033
-0.329286
-0.211463
-0.098229
-0.001218
0.074982
0.131517
0.172976
0.204603
0.227381
0.237049
0.228036
0.201489
0.166421
0.134630
0.109722
0.083339
0.040077
-0.030878
-0.127890
-0.236536
-0.334366
-0.397456
-0.408763
-0.365174
-0.280453
-0.180000
-0.090363
-0.028912
-0.000071
0.001076
-0.016294
-0.042841
-0.070371
-0.093149
-0.109864
-0.121990
-0.129528
-0.130675
-0.125595
-0.121499
-0.132806
-0.171151
-0.232603
-0.293562
-0.320601
-0.289302
-0.199337
-0.076434
0.039422
0.114147
0.137416
0.127256
0.118407
0.141513
0.205258
0.293420
0.378961
0.441231
0.474825
0.484165
0.474333
0.446475
0.398134
0.329800
0.247209
0.161997
0.090222
0.047451
0.041716
0.066788
0.102840
0.128731
0.135286
0.130861
0.133156
0.154622
0.193460
0.234263
0.258025
0.251961
0.214763
0.159539
0.108903
0.086780
0.104478
0.151673
0.199195
0.213288
0.173140
0.081045
-0.041202
-0.163286
-0.260133
-0.320273
-0.346001
-0.347639
-0.334366
-0.307327
-0.262263
-0.198682
-0.129201
-0.077418
-0.065455
-0.099212
-0.162302
-0.224573
-0.259150
-0.256036
-0.223918
-0.181639
-0.142966
-0.109045
-0.068896
-0.009903
0.070229
0.160686
0.243768
0.305875
0.345367
0.369620
0.387482
0.403377
0.416979
0.426319
0.430744
0.429269
0.419437
0.398789
0.368637
0.336846
0.315543
0.315215
0.337502
0.371914
0.400592
0.406819
0.383713
0.336191
0.276378
0.213288
0.146921
0.068427
-0.032353
-0.159517
-0.307327
-0.463168
-0.611634
-0.740108
-0.839578
-0.904470
-0.931509
-0.918727
-0.867927
-0.786320
-0.685212
-0.573944
-0.454647
-0.323059
-0.177378
-0.028257
0.100054
0.181661
0.206569
0.189527
0.161833
0.152820
0.171829
0.204439
0.223612
0.207553
0.154786
0.086944
0.037783
0.032539
0.072032
0.129714
0.169371
0.168224
0.131353
0.084814
0.052695
0.039750
0.031064
0.010089
-0.021374
-0.040547
-0.017769
0.061053
0.183464
0.316690
0.426483
0.494489
0.522183
0.522511
0.508746
0.486623
0.455652
0.414193
0.362410
0.302761
0.237541
0.167077
0.090877
0.009761
-0.071027
-0.140835
-0.186719
-0.201467
-0.189996
-0.168693
-0.154928
-0.155256
-0.161975
-0.162466
-0.151487
-0.137230
-0.133461
-0.146899
-0.173773
-0.205564
-0.239321
-0.280289
-0.334694
-0.399095
-0.458252
-0.492337
-0.488076
-0.448420
-0.392376
-0.344690
-0.321256
-0.318307
-0.314046
-0.284058
-0.219821
-0.136575
-0.063161
-0.020718
-0.007117
-0.001218
0.019266
0.061380
0.114474
0.161669
0.195262
0.220990
0.250323
0.286538
0.315051
0.306694
0.234100
0.090222
-0.102162
-0.299626
-0.460874
-0.565751
-0.619172
-0.636215
-0.624908
-0.580663
-0.497581
-0.384510
-0.269637
-0.186227
-0.149520
-0.144113
-0.131822
-0.079220
0.018938
0.135450
0.229020
0.273264
0.273428
0.260155
0.265726
0.303417
0.360935
0.412554
0.436479
0.425828
0.388301
0.335863
0.274575
0.199851
0.102512
-0.020555
-0.156403
-0.279142
-0.362716
-0.396964
-0.393359
-0.372220
-0.346820
-0.314046
-0.261608
-0.184097
-0.090036
0.004354
0.088419
0.166093
0.250650
0.351594
0.464993
0.570853
0.642792
0.661637
0.626405
0.557415
0.487279
0.442870
0.430416
0.432546
0.421403
0.378961
0.310135
0.238032
0.187724
0.168060
0.167240
0.162161
0.133483
0.077440
0.005665
-0.061850
-0.106259
-0.117238
-0.096754
-0.056114
-0.012525
0.019266
0.031884
0.028934
0.019757
0.011892
0.005009
-0.007281
-0.030878
-0.063489
-0.095771
-0.118221
-0.131167
-0.148210
-0.189833
-0.270620
-0.385002
-0.506102
-0.594919
-0.619336
-0.571814
-0.471853
-0.356161
-0.260133
-0.204089
-0.190160
-0.206383
-0.234405
-0.256855
-0.262263
-0.249809
-0.229161
-0.215560
-0.221132
-0.249645
-0.296020
-0.347967
-0.388115
-0.397948
-0.365993
-0.296512
-0.212283
-0.141982
-0.101834
-0.083972
-0.063816
-0.020555
0.047288
0.124307
0.193132
0.249012
0.300139
0.358477
0.429760
0.508582
0.580685
0.628043
0.637712
0.608870
0.553646
0.490065
0.429924
0.370603
0.300139
0.210338
0.106117
0.003534
-0.081350
-0.140671
-0.177051
-0.196715
-0.202451
-0.190980
-0.154437
-0.087086
0.007467
0.112016
0.200998
0.252617
0.259499
0.229839
0.178711
0.117424
0.050893
-0.016622
-0.078565
-0.127234
-0.160336
-0.183605
-0.207367
-0.240305
-0.286844
-0.346001
-0.411057
-0.467429
-0.495778
-0.481849
-0.426297
-0.348295
-0.276684
-0.235061
-0.231128
-0.253906
-0.281928
-0.290940
-0.265704
-0.205400
-0.124121
-0.043005
0.022543
0.068754
0.100381
0.120046
0.124307
0.106772
0.068263
0.022379
-0.010886
-0.015475
0.011072
0.055809
0.097432
0.115621
0.101692
0.063675
0.021724
-0.002857
0.000748
0.029590
0.072851
0.120865
0.168551
0.212305
0.245570
0.260646
0.255403
0.239179
0.230003
0.245570
0.291618
0.356838
0.418617
0.453849
0.451227
0.415012
0.360607
0.302761
0.248684
0.197884
0.150853
0.114638
0.099234
0.108575
0.132664
0.150034
0.138891
0.090549
0.016480
-0.055951
-0.096590
-0.087905
-0.035139
0.035817
0.090877
0.106772
0.080553
0.028770
-0.026782
-0.069716
-0.094132
-0.100359
-0.091838
-0.073321
-0.053001
-0.041694
-0.047757
-0.073157
-0.109536
-0.142146
-0.158042
-0.154764
-0.143949
-0.145260
-0.173446
-0.226539
-0.286680
-0.334038
-0.363699
-0.389262
-0.429738
-0.489059
-0.547069
-0.569683
-0.531010
-0.431541
-0.297331
-0.165252
-0.062014
0.006156
0.050729
0.086453
0.117260
0.131189
0.110869
0.051384
-0.030387
-0.101998
-0.137558
-0.136083
-0.123793
-0.135100
-0.188030
-0.270457
-0.348131
-0.386149
-0.370090
-0.313882
-0.248498
-0.203434
-0.190816
-0.202942
-0.222279
-0.235061
-0.238502
-0.237846
-0.236372
-0.229817
-0.209333
-0.169513
-0.113797
-0.052837
0.002387
0.047779
0.087436
0.128403
0.175926
0.229183
0.282113
0.328489
0.365523
0.394201
0.416487
0.429924
0.428613
0.407474
0.368637
0.322589
0.280639
0.247045
0.214435
0.171010
0.110869
0.041224
-0.021866
-0.063653
-0.080367
-0.080695
-0.077418
-0.077090
-0.075615
-0.060703
-0.022193
0.040077
0.113491
0.179203
0.220334
0.230986
0.218368
0.199195
0.191166
0.203456
0.232952
0.266710
0.289324
0.291290
0.270806
0.231969
0.180514
0.121848
0.062036
0.007795
-0.033664
-0.057425
-0.061850
-0.049068
-0.022357
0.012547
0.049090
0.080062
0.101529
0.114638
0.124143
0.134794
0.145610
0.151017
0.144299
0.123815
0.094810
0.069082
0.060069
0.076129
0.117916
0.177073
0.238852
0.288341
0.315215
0.317018
0.298500
0.267693
0.233116
0.200670
0.173304
0.152328
0.138235
0.131189
0.131517
0.139874
0.154786
0.171665
0.182153
0.178056
0.156425
0.124143
0.097432
0.094318
0.123323
0.176417
0.230494
0.259663
0.249667
0.205750
0.150034
0.108739
0.096940
0.112016
0.136597
0.151509
0.148232
0.133811
0.123651
0.129059
0.148395
0.168551
0.176253
0.167568
0.149379
0.131189
0.114147
0.088255
0.039913
-0.035795
-0.127398
-0.210972
-0.263902
-0.279469
-0.271931
-0.269473
-0.297167
-0.360749
-0.442684
-0.511510
-0.540678
-0.524455
-0.480047
-0.433671
-0.403683
-0.388443
-0.370417
-0.330269
-0.262427
-0.178034
-0.096918
-0.033664
0.010581
0.044993
0.079242
0.115785
0.149543
0.174123
0.186086
0.184775
0.169043
0.136105
0.083175
0.012219
-0.068569
-0.145751
-0.205236
-0.236372
-0.236536
-0.211463
-0.172790
-0.130675
-0.088561
-0.042677
0.013203
0.079078
0.146757
0.204439
0.244423
0.267529
0.280311
0.288668
0.293257
0.289488
0.271790
0.238852
0.194607
0.144954
0.092680
0.035161
-0.032517
-0.110192
-0.189013
-0.253906
-0.293071
-0.306344
-0.304705
-0.301592
-0.303231
-0.305033
-0.296348
-0.269965
-0.227359
-0.178362
-0.135100
-0.104948
-0.086267
-0.070535
-0.050543
-0.027437
-0.013344
-0.021046
-0.052018
-0.091347
-0.115927
-0.109536
-0.073649
-0.025635
0.014841
0.036964
0.043027
0.043846
0.050237
0.065805
0.086780
0.105298
0.118407
0.132172
0.159047
0.208372
0.276214
0.344712
0.392070
0.405344
0.386007
0.348809
0.312757
0.293257
0.296698
0.317346
0.339140
0.344056
0.320951
0.271462
0.205586
0.133811
0.060561
-0.012853
-0.083481
-0.147226
-0.202614
-0.254070
-0.308638
-0.369106
-0.430230
-0.482996
-0.520031
-0.538384
-0.537893
-0.518392
-0.481357
-0.429902
-0.368615
-0.302084
-0.236699
-0.185244
-0.164597
-0.186391
-0.244565
-0.313063
-0.358127
-0.357963
-0.313391
-0.244401
-0.176559
-0.126415
-0.097410
-0.082006
-0.068077
-0.047429
-0.021374
0.000093
0.006320
-0.004987
-0.023013
-0.032845
-0.025471
-0.003184
0.024018
0.048435
0.068918
0.089402
0.114310
0.145282
0.181497
0.219843
0.254747
0.280147
0.292437
0.292601
0.284572
0.271790
0.255075
0.233444
0.206078
0.172648
0.134139
0.093007
0.055317
0.030737
0.026968
0.044010
0.072524
0.097923
0.109722
0.107920
0.101856
0.104970
0.126437
0.162980
0.198704
0.212141
0.189527
0.135122
0.069902
0.017136
-0.013508
-0.031862
-0.056442
-0.098393
-0.151979
-0.199337
-0.222607
-0.216052
-0.190980
-0.170332
-0.179017
-0.228670
-0.308638
-0.387952
-0.432033
-0.421873
-0.365993
-0.290777
-0.222115
-0.169185
-0.122974
-0.068896
-0.001873
0.069082
0.124962
0.149379
0.139055
0.107756
0.079078
0.073343
0.094318
0.125454
0.139383
0.114310
0.047943
-0.041694
-0.127562
-0.188685
-0.221132
-0.238174
-0.260133
-0.300936
-0.358783
-0.417776
-0.455466
-0.456121
-0.416957
-0.347967
-0.265704
-0.185408
-0.116910
-0.062342
-0.018260
0.021560
0.061708
0.102020
0.137252
0.160522
0.165930
0.152164
0.123323
0.089730
0.064330
0.056628
0.066460
0.083339
0.091860
0.083667
0.063183
0.045485
0.045813
0.069738
0.110705
0.154131
0.185758
0.199031
0.196737
0.188707
0.184283
0.187069
0.191657
0.189855
0.177564
0.159866
0.146757
0.143807
0.146429
0.142824
0.122504
0.085797
0.042208
0.006156
-0.013672
-0.017769
-0.014819
-0.016130
-0.026782
-0.042841
-0.053984
-0.052018
-0.038416
-0.024324
-0.022849
-0.039400
-0.067749
-0.094624
-0.109045
-0.108717
-0.101834
-0.100196
-0.112158
-0.136083
-0.160991
-0.172954
-0.163941
-0.135919
-0.098229
-0.058900
-0.020718
0.018446
0.059250
0.097432
0.123979
0.131681
0.118407
0.089894
0.057284
0.033031
0.027459
0.043519
0.075801
0.114474
0.150198
0.179039
0.201489
0.220007
0.236066
0.249176
0.259008
0.263268
0.258025
0.238524
0.202309
0.152164
0.095302
0.040405
-0.005806
-0.038416
-0.053001
-0.047102
-0.020555
0.022871
0.076948
0.134303
0.187069
0.225906
0.244096
0.240327
0.220826
0.194443
0.165930
0.132828
0.088747
0.030737
-0.038416
-0.112814
-0.188194
-0.263738
-0.338463
-0.406633
-0.457924
-0.481194
-0.469559
-0.423839
-0.353539
-0.275700
-0.208022
-0.162302
-0.139852
-0.131822
-0.125595
-0.111339
-0.084628
-0.045299
0.004026
0.057939
0.108411
0.145774
0.162652
0.157736
0.136433
0.108575
0.083667
0.067771
0.059906
0.054498
0.045485
0.031228
0.016644
0.007631
0.005665
0.005337
-0.000235
-0.012033
-0.020882
-0.012525
0.022707
0.084486
0.161505
0.238524
0.303417
0.352250
0.387974
0.417798
0.445328
0.468106
0.478921
0.471547
0.447786
0.416487
0.388301
0.367654
0.350447
0.326031
0.285555
0.225414
0.147740
0.059250
-0.031862
-0.116746
-0.187702
-0.239813
-0.273570
-0.295856
-0.319618
-0.358127
-0.418431
-0.494795
-0.569028
-0.618025
-0.625563
-0.590987
-0.530355
-0.466937
-0.417940
-0.385821
-0.358946
-0.321912
-0.268490
-0.206220
-0.150831
-0.111830
-0.082989
-0.046610
0.012219
0.092188
0.177564
0.250650
0.305547
0.349628
0.393873
0.441395
0.484821
0.513170
0.518250
0.497767
0.453194
0.389121
0.313413
0.237049
0.170354
0.120374
0.089894
0.079242
0.087763
0.110378
0.136269
0.152328
0.151181
0.138563
0.130370
0.140530
0.169535
0.201653
0.215746
0.199851
0.158228
0.108247
0.067608
0.042863
0.025657
0.000585
-0.042841
-0.103309
-0.169676
-0.229817
-0.280617
-0.327320
-0.376481
-0.426789
-0.465790
-0.476114
-0.445962
-0.378775
-0.293398
-0.216707
-0.171151
-0.163613
-0.182622
-0.205564
-0.211627
-0.192782
-0.156567
-0.118877
-0.092166
-0.078729
-0.070863
-0.058900
-0.040711
-0.023832
-0.022521
-0.047593
-0.098721
-0.161647
-0.213430
-0.231947
-0.205728
-0.139033
-0.049396
0.038275
0.101201
0.128239
0.123487
0.104150
0.092844
0.106117
0.146921
0.205422
0.265399
0.313904
0.346023
0.364376
0.371914
0.368637
0.350775
0.316690
0.270315
0.220334
0.174942
0.136433
0.100381
0.062200
0.020741
-0.021046
-0.060539
-0.097574
-0.133953
-0.167710
-0.191963
-0.197698
-0.179017
-0.138377
-0.085120
-0.032517
0.006812
0.026476
0.028934
0.025165
0.027951
0.042371
0.060561
0.065969
0.045157
-0.002529
-0.063325
-0.117238
-0.149193
-0.155584
-0.144440
-0.129692
-0.122974
-0.127726
-0.137394
-0.139524
-0.126087
-0.098229
-0.065619
-0.035795
-0.007773
0.029098
0.086289
0.166093
0.258680
0.345040
0.405180
0.426811
0.410752
0.372570
0.335863
0.318820
0.323900
0.335863
0.333405
0.303744
0.252125
0.195918
0.153803
0.134958
0.135450
0.141677
0.136761
0.108247
0.053187
-0.020391
-0.098065
-0.170004
-0.236699
-0.306836
-0.387460
-0.475950
-0.559524
-0.622122
-0.652766
-0.648833
-0.614748
-0.559851
-0.495614
-0.430722
-0.369106
-0.307983
-0.243582
-0.178034
-0.121826
-0.089380
-0.087578
-0.109700
-0.137230
-0.149357
-0.132970
-0.088233
-0.025635
0.038439
0.088091
0.111525
0.105134
0.073015
0.026312
-0.021210
-0.057425
-0.075779
-0.075287
-0.059392
-0.033664
-0.004168
0.025165
0.054662
0.090385
0.140857
0.211485
0.300467
0.397806
0.491048
0.571016
0.636073
0.689822
0.737181
0.779623
0.814036
0.834192
0.834684
0.814691
0.781426
0.747177
0.721941
0.706209
0.689003
0.656065
0.600677
0.528083
0.450736
0.379125
0.315051
0.252453
0.182972
0.099070
-0.004004
-0.127398
-0.267671
-0.417448
-0.571158
-0.727818
-0.889722
-1.052610
-1.200580
-1.311850
-1.371010
-1.379370
-1.353640
-1.313000
-1.268750
-1.222710
-1.170920
-1.109800
-1.036880
-0.951992
-0.858587
-0.763050
-0.670791
-0.581318
-0.489059
-0.390901
-0.292907
-0.209169
-0.149520
-0.110192
-0.074632
-0.026618
0.036800
0.103659
0.157081
0.186905
0.193624
0.185102
0.169862
0.150198
0.121029
0.072032
-0.003676
-0.100523
-0.197534
-0.268162
-0.296348
-0.288646
-0.267507
-0.253906
-0.251120
-0.245384
-0.219329
-0.166891
-0.096099
-0.018588
0.058431
0.135941
0.217057
0.302597
0.389448
0.473514
0.551352
0.620341
0.679335
0.729807
0.773888
0.810922
0.834520
0.836978
0.817313
0.787325
0.766677
0.769135
0.793388
0.824687
0.847465
0.855331
0.849268
0.829931
0.791750
0.729643
0.647708
0.562659
0.496619
0.464173
0.466795
0.494489
0.529557
0.552008
0.542995
0.492359
0.405344
0.300467
0.199031
0.111197
0.032212
-0.047266
-0.131659
-0.217854
-0.303886
-0.395490
-0.502988
-0.628677
-0.759445
-0.870221
-0.937572
-0.948879
-0.904470
-0.815489
-0.701927
-0.590659
-0.509707
-0.477752
-0.498236
-0.560834
-0.651619
-0.759445
-0.874318
-0.980014
-1.053760
-1.074400
-1.035400
-0.949207
-0.841216
-0.738142
-0.658009
-0.608521
-0.588037
-0.588037
-0.595411
-0.594428
-0.572961
-0.525275
-0.453827
-0.365829
-0.269637
-0.171971
-0.075943
0.018610
0.116113
0.222792
0.343892
0.479085
0.621816
0.759795
0.878765
0.967582
1.021000
1.041000
1.035920
1.018050
0.999701
0.988066
0.982003
0.971515
0.944804
0.894168
0.819935
0.728332
0.625585
0.513826
0.393545
0.266710
0.141185
0.028442
-0.060375
-0.117238
-0.140999
-0.138541
-0.124940
-0.121171
-0.145424
-0.204417
-0.288646
-0.377136
-0.447436
-0.482668
-0.475458
-0.427608
-0.350425
-0.263082
-0.188194
-0.142474
-0.126743
-0.125432
-0.114125
-0.070863
0.012547
0.129059
0.257041
0.368965
0.440412
0.460896
0.436479
0.386007
0.328489
0.274739
0.226234
0.182644
0.146593
0.120701
0.102348
0.079242
0.034997
-0.043005
-0.157058
-0.299789
-0.458580
-0.619172
-0.768294
-0.893982
-0.986405
-1.036880
-1.037700
-0.983947
-0.878251
-0.735192
-0.580007
-0.438915
-0.326500
-0.241124
-0.169021
-0.097737
-0.025799
0.037128
0.077767
0.090222
0.081209
0.068918
0.073671
0.107592
0.167404
0.235410
0.289324
0.313577
0.307186
0.282933
0.259991
0.255403
0.276378
0.319312
0.372078
0.420748
0.455652
0.473678
0.476463
0.465976
0.443362
0.411407
0.378469
0.356838
0.356510
0.378141
0.411079
0.440248
0.453685
0.447950
0.428286
0.404852
0.387810
0.383221
0.389285
0.396659
0.391906
0.363393
0.303744
0.210338
0.082356
-0.076926
-0.256036
-0.431213
-0.572469
-0.655715
-0.674888
-0.644408
-0.590659
-0.536746
-0.492992
-0.456777
-0.420726
-0.381888
-0.345837
-0.322731
-0.317651
-0.323551
-0.321584
-0.289957
-0.216379
-0.106914
0.016152
0.124307
0.196082
0.226889
0.229347
0.223612
0.224923
0.234755
0.241801
0.231478
0.196573
0.141185
0.075146
0.008450
-0.051690
-0.097246
-0.116583
-0.098557
-0.040219
0.048435
0.148068
0.237705
0.301450
0.329308
0.318001
0.270151
0.195426
0.108411
0.023526
-0.050051
-0.109372
-0.156075
-0.194093
-0.229161
-0.268818
-0.317651
-0.374186
-0.429738
-0.473492
-0.498728
-0.505119
-0.496597
-0.476933
-0.448583
-0.413351
-0.372220
-0.323059
-0.262427
-0.187538
-0.102326
-0.015966
0.061872
0.127420
0.184119
0.238196
0.293093
0.347334
0.396986
0.438118
0.466795
0.479413
0.472858
0.446803
0.403869
0.348809
0.287193
0.223612
0.161341
0.102184
0.046632
-0.005315
-0.051526
-0.086430
-0.101343
-0.087250
-0.038908
0.042371
0.146265
0.256550
0.357821
0.442051
0.510712
0.568886
0.617228
0.647872
0.650166
0.620505
0.566920
0.504485
0.445000
0.391743
0.339796
0.280147
0.203947
0.106281
-0.009084
-0.126415
-0.223590
-0.283894
-0.307983
-0.311424
-0.310277
-0.307164
-0.290777
-0.248990
-0.182622
-0.107242
-0.041530
0.002059
0.021232
0.018446
-0.000726
-0.029240
-0.057589
-0.075779
-0.076926
-0.056278
-0.011378
0.056464
0.135941
0.204603
0.237377
0.221973
0.167404
0.099726
0.044830
0.015333
0.007467
0.008286
0.005337
-0.009248
-0.035139
-0.065291
-0.087741
-0.090855
-0.070207
-0.029895
0.021068
0.074654
0.126437
0.172320
0.207061
0.224595
0.222465
0.202309
0.170026
0.132172
0.094482
0.063183
0.042863
0.034506
0.034014
0.033523
0.025821
0.008614
-0.013672
-0.031042
-0.030878
-0.003512
0.051384
0.121193
0.186086
0.229511
0.247045
0.246062
0.236394
0.219843
0.189363
0.136925
0.063183
-0.021046
-0.102490
-0.174593
-0.240632
-0.307983
-0.379758
-0.448911
-0.500530
-0.520686
-0.506102
-0.468412
-0.427772
-0.401717
-0.392376
-0.385493
-0.359602
-0.301100
-0.213430
-0.115108
-0.026126
0.043682
0.099234
0.153312
0.214271
0.278836
0.332749
0.361099
0.357658
0.329144
0.289651
0.250159
0.212469
0.168879
0.111525
0.041060
-0.029731
-0.081023
-0.097901
-0.079384
-0.039727
0.000257
0.024674
0.030737
0.025657
0.017955
0.010253
-0.000726
-0.018752
-0.041530
-0.059883
-0.063980
-0.049232
-0.021866
0.004354
0.013530
-0.003021
-0.041694
-0.089544
-0.132314
-0.164597
-0.191307
-0.222279
-0.262427
-0.306836
-0.344198
-0.365665
-0.370417
-0.366812
-0.366648
-0.378775
-0.402208
-0.424495
-0.424822
-0.384838
-0.301264
-0.192618
-0.090363
-0.022849
0.000585
-0.006953
-0.020555
-0.019244
0.001896
0.031064
0.047943
0.034997
-0.011870
-0.080203
-0.147226
-0.192127
-0.208022
-0.203434
-0.194421
-0.193274
-0.201631
-0.214249
-0.224245
-0.228014
-0.225720
-0.219165
-0.210644
-0.202123
-0.192291
-0.176231
-0.147882
-0.104948
-0.053165
-0.004168
0.029426
0.042699
0.040077
0.033195
0.034506
0.049910
0.075309
0.097104
0.099070
0.071868
0.019266
-0.043169
-0.097410
-0.134608
-0.159517
-0.184261
-0.218182
-0.259641
-0.296020
-0.311424
-0.294546
-0.245221
-0.172462
-0.090363
-0.011378
0.057120
0.110705
0.145937
0.157572
0.141185
0.097760
0.036964
-0.025143
-0.071191
-0.091019
-0.083808
-0.057589
-0.023668
0.009106
0.035325
0.052531
0.058103
0.048926
0.024837
-0.007937
-0.035958
-0.043824
-0.023504
0.020085
0.070557
0.108575
0.122012
0.110869
0.085469
0.058267
0.037455
0.024018
0.014350
0.004354
-0.007117
-0.017441
-0.024488
-0.028584
-0.032681
-0.038580
-0.043988
-0.042349
-0.026618
0.006648
0.055153
0.112508
0.171665
0.228036
0.280475
0.328489
0.369456
0.397970
0.406163
0.387646
0.341107
0.273428
0.196737
0.124634
0.065641
0.021232
-0.013836
-0.047757
-0.086758
-0.132150
-0.179345
-0.219493
-0.243582
-0.245876
-0.225065
-0.184425
-0.128545
-0.062342
0.009761
0.083339
0.153148
0.211485
0.249176
0.257697
0.234919
0.188216
0.134466
0.092352
0.072687
0.073835
0.084322
0.091533
0.089566
0.081700
0.075146
0.073671
0.075637
0.074490
0.065313
0.047288
0.024018
-0.001054
-0.028257
-0.061194
-0.102981
-0.149520
-0.188194
-0.202614
-0.181147
-0.125595
-0.050871
0.020577
0.069574
0.089402
0.087108
0.077767
0.074490
0.082192
0.096940
0.113163
0.130042
0.152328
0.185430
0.228200
0.272281
0.306694
0.325047
0.327997
0.319148
0.300795
0.271790
0.230494
0.179203
0.125126
0.077603
0.043846
0.026312
0.021232
0.020577
0.015005
-0.002529
-0.033828
-0.074960
-0.118385
-0.156239
-0.182622
-0.193765
-0.187538
-0.163777
-0.126087
-0.082006
-0.041038
-0.010231
0.008942
0.021232
0.034014
0.052531
0.077440
0.106772
0.138563
0.172648
0.208700
0.243604
0.269659
0.277689
0.262449
0.226234
0.179531
0.137252
0.112508
0.111197
0.129878
0.157572
0.182972
0.199359
0.208536
0.217712
0.233116
0.254583
0.275395
0.286046
0.281130
0.261138
0.232789
0.204931
0.185266
0.177564
0.179531
0.183628
0.178875
0.157572
0.119063
0.070885
0.025493
-0.008428
-0.029240
-0.043333
-0.058900
-0.081514
-0.110519
-0.140999
-0.169185
-0.194257
-0.219329
-0.246368
-0.274553
-0.298806
-0.313882
-0.317651
-0.313227
-0.307819
-0.308638
-0.320601
-0.342068
-0.366157
-0.383199
-0.386313
-0.375825
-0.358127
-0.342559
-0.334366
-0.333055
-0.334202
-0.333874
-0.330269
-0.321748
-0.305361
-0.276356
-0.232275
-0.176067
-0.116419
-0.062997
-0.020555
0.013366
0.048107
0.093171
0.151509
0.216402
0.273756
0.310463
0.322262
0.315543
0.301450
0.288341
0.276378
0.260319
0.235574
0.203456
0.170518
0.144463
0.127912
0.117260
0.104478
0.082847
0.052204
0.019266
-0.005806
-0.017277
-0.017441
-0.014983
-0.019080
-0.033009
-0.054148
-0.077254
-0.100523
-0.124776
-0.151815
-0.181803
-0.211791
-0.238338
-0.258494
-0.270948
-0.276356
-0.277339
-0.276520
-0.274226
-0.267343
-0.251284
-0.224737
-0.192291
-0.161975
-0.140016
-0.124121
-0.104784
-0.071846
-0.022030
0.037128
0.090713
0.124470
0.133156
0.122012
0.103167
0.086453
0.072851
0.054498
0.021232
-0.030059
-0.090527
-0.142474
-0.170660
-0.170660
-0.151651
-0.129201
-0.114288
-0.105603
-0.092166
-0.063489
-0.019080
0.027951
0.059414
0.062691
0.040733
0.011236
-0.004168
0.007959
0.044993
0.089894
0.121357
0.124634
0.097923
0.050565
-0.003840
-0.055295
-0.100359
-0.138050
-0.166563
-0.180000
-0.173282
-0.147882
-0.113633
-0.084300
-0.071191
-0.076598
-0.094788
-0.118057
-0.140671
-0.161319
-0.179509
-0.191635
-0.190652
-0.170004
-0.129364
-0.078237
-0.032353
-0.004004
0.006320
0.011400
0.027459
0.062364
0.107592
0.142660
0.148887
0.121029
0.070557
0.016480
-0.026454
-0.055295
-0.076762
-0.097737
-0.117566
-0.126251
-0.112814
-0.075943
-0.028093
0.009761
0.021560
0.008614
-0.011378
-0.015475
0.008942
0.055645
0.105953
0.142824
0.163144
0.176745
0.196573
0.226889
0.259336
0.280311
0.281950
0.269823
0.259991
0.267857
0.297353
0.337829
0.369784
0.375683
0.350775
0.303417
0.249503
0.203292
0.170518
0.148232
0.130042
0.112180
0.094482
0.078914
0.065149
0.049254
0.026640
-0.003512
-0.037269
-0.068077
-0.092821
-0.115108
-0.142146
-0.179509
-0.224573
-0.267671
-0.298315
-0.311588
-0.312571
-0.311752
-0.317815
-0.329614
-0.336332
-0.323551
-0.283730
-0.222607
-0.157878
-0.107406
-0.079384
-0.066930
-0.053820
-0.026782
0.016972
0.067935
0.112344
0.140694
0.152984
0.157408
0.163635
0.177400
0.196409
0.212960
0.217549
0.205094
0.178875
0.149379
0.129223
0.126109
0.138072
0.154786
0.162816
0.153475
0.127092
0.091696
0.057939
0.032539
0.016152
0.004026
-0.009739
-0.027273
-0.044316
-0.053329
-0.048904
-0.032845
-0.014819
-0.007117
-0.016294
-0.038908
-0.062997
-0.074796
-0.067258
-0.043169
-0.011870
0.016644
0.037455
0.050073
0.055481
0.053515
0.042208
0.021232
-0.004987
-0.026454
-0.033173
-0.021374
0.001568
0.019593
0.017299
-0.011050
-0.056934
-0.102817
-0.132642
-0.140344
-0.131495
-0.115599
-0.099048
-0.080695
-0.057262
-0.027273
0.005337
0.035161
0.060397
0.084486
0.112344
0.145282
0.178384
0.203292
0.214599
0.213452
0.208044
0.207880
0.217712
0.232461
0.239999
0.226561
0.186249
0.125781
0.062200
0.014514
-0.006953
-0.005479
0.004517
0.007959
-0.004004
-0.030059
-0.061850
-0.090691
-0.110683
-0.120188
-0.119860
-0.110028
-0.090363
-0.061194
-0.024979
0.013858
0.049582
0.077440
0.093663
0.097104
0.089074
0.074326
0.060889
0.054989
0.057120
0.058595
0.047124
0.014514
-0.036286
-0.091347
-0.134444
-0.156895
-0.162466
-0.164924
-0.179181
-0.212774
-0.260788
-0.307000
-0.331580
-0.321584
-0.279306
-0.221623
-0.168857
-0.133789
-0.114452
-0.099376
-0.076762
-0.042677
-0.000563
0.043191
0.084650
0.121685
0.151673
0.169699
0.170354
0.151017
0.114310
0.068754
0.025821
-0.003840
-0.014492
-0.007609
0.010089
0.030081
0.046141
0.055809
0.060397
0.062527
0.066460
0.077603
0.101201
0.138727
0.185102
0.228528
0.254092
0.250487
0.216893
0.163635
0.108575
0.067771
0.048926
0.048762
0.057775
0.067280
0.074326
0.080389
0.087272
0.092516
0.090385
0.075637
0.047124
0.008942
-0.030223
-0.061522
-0.077909
-0.076926
-0.060703
-0.036450
-0.014655
-0.005642
-0.014328
-0.037925
-0.065455
-0.082006
-0.077909
-0.053165
-0.018588
0.009761
0.019102
0.005828
-0.024651
-0.061031
-0.092821
-0.112322
-0.116746
-0.106750
-0.085120
-0.055459
-0.023013
0.005173
0.021232
0.020249
0.003534
-0.020391
-0.041858
-0.055951
-0.065783
-0.077090
-0.091674
-0.102326
-0.097574
-0.070699
-0.025471
0.024182
0.061544
0.075637
0.066296
0.043846
0.023035
0.014514
0.018938
0.027131
0.026804
0.011892
-0.013344
-0.038089
-0.053656
-0.058736
-0.058900
-0.061522
-0.070043
-0.081842
-0.089872
-0.086267
-0.064963
-0.026290
0.022379
0.068263
0.097432
0.102348
0.085633
0.059742
0.041880
0.046304
0.076784
0.123487
0.167240
0.187888
0.176089
0.138399
0.093171
0.060069
0.048599
0.054662
0.064494
0.064166
0.048435
0.022379
-0.003348
-0.021210
-0.031862
-0.043333
-0.062669
-0.088069
-0.109700
-0.117402
-0.110028
-0.096918
-0.091019
-0.097082
-0.108717
-0.112650
-0.100359
-0.074468
-0.047921
-0.036778
-0.049560
-0.083317
-0.124448
-0.158042
-0.177051
-0.184916
-0.191143
-0.201303
-0.211300
-0.210152
-0.189669
-0.153126
-0.115108
-0.091838
-0.091183
-0.107078
-0.122482
-0.118713
-0.085939
-0.027765
0.040405
0.099726
0.137580
0.150690
0.143643
0.123651
0.098415
0.075309
0.063183
0.066624
0.082520
0.097923
0.096776
0.071540
0.027951
-0.016622
-0.043824
-0.043333
-0.016949
0.025493
0.072032
0.113819
0.146593
0.169699
0.181333
0.176745
0.151017
0.104150
0.044993
-0.009739
-0.043169
-0.047429
-0.027437
0.002059
0.026476
0.037947
0.038111
0.033850
0.030081
0.024674
0.010581
-0.018260
-0.060703
-0.107078
-0.144440
-0.164105
-0.164269
-0.149520
-0.127234
-0.104620
-0.088888
-0.087086
-0.103145
-0.134608
-0.172954
-0.205892
-0.222279
-0.216379
-0.189833
-0.150504
-0.109700
-0.076926
-0.056278
-0.044808
-0.037761
-0.032681
-0.031370
-0.035958
-0.043988
-0.048577
-0.042186
-0.022849
0.005337
0.034997
0.061217
0.083339
0.104314
0.127748
0.154131
0.180186
0.199851
0.208044
0.204931
0.196409
0.189691
0.187397
0.183464
0.168551
0.137744
0.095793
0.055153
0.028770
0.023854
0.038111
0.061708
0.081373
0.085961
0.071868
0.045321
0.017627
-0.001054
-0.008756
-0.012197
-0.019899
-0.036614
-0.060047
-0.084136
-0.103309
-0.116910
-0.130184
-0.150668
-0.184753
-0.231947
-0.283402
-0.325025
-0.344034
-0.335841
-0.307164
-0.271768
-0.242926
-0.226539
-0.218510
-0.207203
-0.180328
-0.131659
-0.064800
0.009106
0.077931
0.134303
0.177728
0.212633
0.243276
0.271298
0.293420
0.303089
0.293420
0.262613
0.218860
0.178711
0.160358
0.172157
0.206569
0.246226
0.273756
0.282605
0.277853
0.269168
0.263105
0.258516
0.250159
0.232952
0.207716
0.180678
0.160522
0.151509
0.149215
0.142332
0.119227
0.077112
0.024510
-0.023832
-0.055951
-0.069388
-0.071027
-0.072010
-0.080859
-0.099704
-0.124776
-0.149848
-0.170496
-0.185900
-0.197207
-0.204581
-0.203598
-0.188685
-0.158042
-0.119041
-0.087250
-0.077909
-0.096263
-0.133953
-0.172462
-0.194093
-0.191471
-0.171643
-0.148537
-0.133461
-0.126579
-0.118877
-0.101998
-0.076598
-0.054312
-0.046938
-0.055623
-0.068733
-0.070535
-0.054148
-0.027273
-0.006790
-0.005151
-0.020391
-0.037106
-0.035139
-0.004168
0.049254
0.103659
0.134958
0.131189
0.100709
0.067280
0.053678
0.068591
0.102184
0.135286
0.152164
0.149379
0.134958
0.120046
0.111852
0.111197
0.114966
0.120046
0.126601
0.135941
0.147740
0.157572
0.158392
0.144954
0.119063
0.087763
0.059086
0.035653
0.013858
-0.013180
-0.048904
-0.089872
-0.127562
-0.152142
-0.159025
-0.150340
-0.133461
-0.116583
-0.102817
-0.090200
-0.074468
-0.054312
-0.032845
-0.015475
-0.004823
0.000585
0.005009
0.011072
0.018610
0.025493
0.030409
0.033850
0.036472
0.038930
0.040077
0.036964
0.026804
0.009270
-0.013017
-0.034484
-0.050543
-0.060703
-0.067749
-0.073485
-0.075287
-0.068733
-0.052673
-0.032353
-0.016130
-0.009411
-0.009411
-0.008428
-0.000726
0.012547
0.023690
0.024674
0.011892
-0.009903
-0.031042
-0.041858
-0.038580
-0.026782
-0.017605
-0.019408
-0.032026
-0.046446
-0.051526
-0.042841
-0.024979
-0.007773
0.000912
-0.000563
-0.007445
-0.012197
-0.009248
0.001732
0.015005
0.023363
0.022543
0.016152
0.013530
0.021560
0.039094
0.056792
0.063675
0.055809
0.037783
0.019757
0.011236
0.015169
0.027951
0.041224
0.046304
0.038439
0.020904
0.002551
-0.007773
-0.006953
0.001404
0.009925
0.012875
0.008286
-0.001710
-0.013344
-0.023013
-0.027765
-0.027437
-0.024651
-0.023177
-0.024815
-0.027601
-0.027437
-0.022193
-0.014000
-0.007773
-0.008101
-0.014655
-0.023341
-0.027437
-0.021866
-0.006462
0.012383
0.024837
0.023526
0.009925
-0.006462
-0.013508
-0.006134
0.010745
0.025821
0.029262
0.019921
0.004190
-0.008592
-0.012197
-0.006790
0.001896
0.007139
0.005009
-0.003021
-0.012033
-0.017277
-0.017113
-0.014164
-0.011050
-0.008756
-0.006462
-0.003512
-0.000399
0.001240
0.001240
0.000257
-0.000399
-0.000235
0.000257
0.000585
0.000093
-0.002201
-0.007445
-0.015966
-0.025635
-0.032845
-0.034156
-0.029404
-0.021702
-0.015802
-0.015147
-0.019080
-0.023668
-0.024651
-0.019571
-0.009903
0.000585
0.008286
0.011892
0.012056
0.011236
0.010253
0.008942
0.005828
0.000257
-0.007445
-0.016130
-0.023504
-0.026782
-0.024160
-0.016786
-0.007937
-0.001218
0.002059
0.003207
0.005501
0.010417
0.016316
0.019921
0.017627
0.008614
-0.004823
-0.016622
-0.021374
-0.016622
-0.005642
0.004681
0.009270
0.007139
0.002223
-0.001546
-0.003184
-0.004987
-0.009084
-0.014164
-0.017113
-0.015147
-0.008101
0.000585
0.007139
0.007959
0.002551
-0.006298
-0.013508
-0.014819
-0.009739
-0.002529
0.001076
-0.001710
-0.008756
-0.014819
-0.016130
-0.013344
-0.009411
-0.007773
-0.009411
-0.013180
-0.015475
-0.013017
-0.004659
0.007139
0.016152
0.016644
0.007139
-0.007117
-0.017769
-0.018260
-0.008756
0.005501
0.016480
0.018446
0.010581
-0.002857
-0.014819
-0.019735
-0.016458
-0.008592
-0.002365
-0.001873
-0.006298
-0.011378
-0.012853
-0.009248
-0.002857
0.002059
0.002223
-0.002201
-0.007117
-0.007937
-0.003021
0.004354
0.007795
0.003698
-0.005151
-0.012361
-0.013017
-0.008264
-0.003512
-0.002365
-0.004168
-0.004495
-0.000726
0.005501
0.009434
0.006976
-0.002529
-0.015639
-0.025799
-0.026782
-0.015639
0.003370
0.020085
0.023526
0.009925
-0.013672
-0.033336
-0.036942
-0.022357
0.001896
0.022871
0.030737
0.023526
0.007795
-0.006953
-0.013180
-0.010067
-0.002693
0.002551
0.002387
-0.001054
-0.003348
-0.001710
0.002879
0.007139
0.009106
0.008778
0.007959
0.007303
0.006320
0.003370
-0.002529
-0.011050
-0.019899
-0.025962
-0.027437
-0.023832
-0.017277
-0.009903
-0.002857
0.003534
0.007631
0.007303
0.000912
-0.009248
-0.017769
-0.019244
-0.012525
-0.001218
0.009270
0.015169
0.016480
0.015333
0.014841
0.016480
0.020413
0.024674
0.025984
0.022215
0.013858
0.003862
-0.004332
-0.009903
-0.014655
-0.019735
-0.024815
-0.027273
-0.024979
-0.017933
-0.008101
0.001568
0.008450
0.011564
0.011400
0.009925
0.009597
0.010908
0.011728
0.008450
-0.000399
-0.012525
-0.023341
-0.028420
-0.026290
-0.018097
-0.007117
0.002059
0.005173
0.000585
-0.009575
-0.019571
-0.023504
-0.019571
-0.010067
0.000748
0.009106
0.013530
0.014022
0.011728
0.008942
0.007959
0.009597
0.012875
0.015169
0.014514
0.011072
0.005665
-0.000726
-0.007609
-0.013672
-0.016949
-0.015966
-0.012033
-0.007937
-0.005642
-0.005151
-0.003676
0.000093
0.005501
0.011072
0.015333
0.016808
0.014514
0.007795
-0.001218
-0.007609
-0.006953
0.000585
0.009106
0.010908
0.001896
-0.014164
-0.028093
-0.031370
-0.022030
-0.005642
0.007139
0.007959
-0.003840
-0.020227
-0.029731
-0.025471
-0.010722
0.005009
0.012056
0.008614
0.000912
-0.003021
0.001240
0.011072
0.020413
0.023526
0.019430
0.010908
0.003370
-0.000071
0.000257
0.000912
-0.001710
-0.007937
-0.014492
-0.016622
-0.013180
-0.007117
-0.002693
-0.002693
-0.005642
-0.008592
-0.008592
-0.005806
-0.002201
0.000257
0.000421
-0.000071
0.000912
0.004681
0.009270
0.011564
0.009925
0.006484
0.005665
0.009434
0.014677
0.014350
0.004026
-0.013017
-0.027765
-0.031370
-0.021538
-0.003348
0.013039
0.019102
0.011072
-0.007281
-0.026946
-0.038416
-0.036942
-0.025307
-0.012033
-0.004168
-0.003676
-0.005479
-0.003676
0.004354
0.015661
0.024837
0.027787
0.023690
0.015661
0.007303
0.001732
-0.000399
-0.000890
-0.002037
-0.005151
-0.010395
-0.016130
-0.019899
-0.019571
-0.013836
-0.003021
0.008942
0.016152
0.013694
0.002387
-0.010886
-0.016294
-0.008428
0.009761
0.028442
0.037128
0.031720
0.016480
0.000421
-0.007937
-0.006626
-0.000399
0.002387
-0.003512
-0.016622
-0.029731
-0.034975
-0.029076
-0.015475
-0.000563
0.009761
0.013858
0.013694
0.012547
0.011892
0.010581
0.006320
-0.002037
-0.011214
-0.015802
-0.011870
-0.001546
0.007303
0.007139
-0.002857
-0.015802
-0.022685
-0.018588
-0.006626
0.005828
0.012383
0.011564
0.006320
0.001732
0.002059
0.007467
0.014186
0.016152
0.009597
-0.003184
-0.014983
-0.019408
-0.015639
-0.009084
-0.005970
-0.008428
-0.013508
-0.016949
-0.016949
-0.014328
-0.010395
-0.005642
-0.000563
0.003534
0.005337
0.005337
0.005992
0.009434
0.015333
0.019921
0.019921
0.014022
0.004681
-0.003676
-0.007445
-0.005315
0.000257
0.005828
0.007631
0.004845
-0.000890
-0.006298
-0.008592
-0.007281
-0.003840
-0.000890
-0.000890
-0.004332
-0.009411
-0.013017
-0.012197
-0.007609
-0.002201
0.000093
-0.001546
-0.004987
-0.007117
-0.005970
-0.003021
-0.000890
-0.000726
-0.002037
-0.002529
-0.000399
0.004026
0.008450
0.009270
0.004845
-0.003021
-0.009084
-0.008592
-0.001218
0.008286
0.014022
0.013530
0.009434
0.005828
0.004845
0.004517
0.002387
-0.002529
-0.008101
-0.011050
-0.010067
-0.005315
0.001240
0.007139
0.010581
0.010581
0.008286
0.005992
0.005009
0.004845
0.003534
0.000093
-0.004332
-0.008101
-0.010395
-0.011542
-0.011870
-0.010722
-0.007609
-0.003184
0.000257
0.000912
-0.001218
-0.004004
-0.005315
-0.004659
-0.003184
-0.002857
-0.004987
-0.008756
-0.011050
-0.007609
0.003043
0.017136
0.026148
0.023363
0.009106
-0.007117
-0.014000
-0.006626
0.008778
0.020249
0.017627
0.000421
-0.021702
-0.034975
-0.030059
-0.008264
0.017627
0.031228
0.023363
-0.001054
-0.025307
-0.032845
-0.019244
0.005828
0.026312
0.032212
0.025165
0.014350
0.008286
0.008614
0.010745
0.008450
-0.000563
-0.013017
-0.021210
-0.019899
-0.009248
0.002879
0.007795
0.001896
-0.009248
-0.015639
-0.010722
0.002715
0.015333
0.019102
0.012056
0.000093
-0.009248
-0.011050
-0.005315
0.003862
0.011728
0.015333
0.014350
0.010253
0.004354
-0.002693
-0.010722
-0.018260
-0.022030
-0.019408
-0.011214
-0.001710
0.004354
0.005009
0.002715
0.002059
0.005337
0.011400
0.016480
0.016808
0.010908
0.001240
-0.007445
-0.010231
-0.006298
0.000585
0.004354
0.001568
-0.005642
-0.010886
-0.008592
0.000093
0.009434
0.012056
0.005992
-0.005315
-0.014819
-0.018097
-0.014492
-0.008264
-0.003348
-0.001873
-0.001710
-0.000399
0.003534
0.008123
0.010089
0.008286
0.004517
0.002715
0.005009
0.009434
0.011728
0.008778
0.001568
-0.004987
-0.005642
0.000748
0.010417
0.016152
0.012056
-0.001382
-0.017933
-0.029076
-0.030387
-0.023177
-0.012525
-0.004332
-0.000399
0.000257
-0.000235
-0.000235
0.000585
0.002059
0.003207
0.004026
0.005009
0.006976
0.009761
0.012056
0.011400
0.007303
0.001896
-0.001873
-0.002693
-0.002529
-0.004168
-0.008592
-0.012853
-0.014000
-0.010886
-0.005479
-0.001054
0.001076
0.001240
0.001240
0.002223
0.004354
0.006976
0.008123
0.006320
0.002059
-0.001873
-0.001710
0.004190
0.012383
0.017627
0.016644
0.010581
0.004026
0.000257
-0.001546
-0.004495
-0.011542
-0.021374
-0.029731
-0.031042
-0.023013
-0.007937
0.007631
0.016480
0.015333
0.007139
-0.001382
-0.004659
-0.001710
0.004354
0.009761
0.012383
0.012383
0.009925
0.005992
0.001896
-0.001218
-0.002201
-0.001873
-0.002201
-0.003840
-0.006134
-0.007937
-0.009575
-0.010886
-0.011214
-0.008920
-0.003512
0.003207
0.007795
0.008450
0.006976
0.006156
0.006976
0.007303
0.005173
-0.000235
-0.006462
-0.010886
-0.011706
-0.008592
-0.002693
0.004354
0.009761
0.011400
0.009925
0.007795
0.008123
0.010908
0.013203
0.011728
0.006648
0.000912
-0.002365
-0.002693
-0.002201
-0.003184
-0.006298
-0.010067
-0.012525
-0.011706
-0.008101
-0.003512
-0.000235
0.000421
-0.000563
-0.000399
0.002879
0.008123
0.011892
0.011400
0.006648
0.000912
-0.002529
-0.003021
-0.002201
-0.002365
-0.004659
-0.007445
-0.008264
-0.005970
-0.001054
0.003698
0.005665
0.004190
0.001404
-0.000726
-0.001382
-0.002693
-0.006134
-0.011050
-0.014328
-0.013180
-0.007773
-0.000890
0.004354
0.007139
0.008286
0.009270
0.010908
0.013530
0.016152
0.016808
0.012711
0.004190
-0.005970
-0.012853
-0.013672
-0.010559
-0.007609
-0.007281
-0.007773
-0.005806
-0.001218
0.002059
-0.000071
-0.007773
-0.016622
-0.020391
-0.015639
-0.004168
0.009270
0.019921
0.024837
0.025493
0.024837
0.025493
0.027295
0.026476
0.019921
0.007795
-0.006134
-0.017113
-0.023013
-0.025143
-0.025962
-0.026126
-0.024488
-0.019899
-0.012033
-0.002037
0.008123
0.016316
0.019921
0.018446
0.013858
0.010089
0.009270
0.010089
0.009270
0.004517
-0.002201
-0.006953
-0.006790
-0.002529
0.002879
0.006812
0.008286
0.007303
0.004681
0.001732
-0.000563
-0.002201
-0.004004
-0.006626
-0.008756
-0.007609
-0.002201
0.004517
0.008450
0.006976
0.002551
-0.000726
0.000093
0.002715
0.003534
0.000421
-0.005151
-0.009411
-0.009903
-0.005970
-0.000235
0.004354
0.005337
0.002879
0.000257
0.001732
0.008123
0.015333
0.017627
0.011728
0.001076
-0.007609
-0.009411
-0.004823
0.001568
0.005501
0.005828
0.003862
0.002059
0.001404
0.001732
0.002059
0.001732
0.001404
0.002551
0.006648
0.012875
0.017627
0.016316
0.008286
-0.002693
-0.010559
-0.012197
-0.008920
-0.004659
-0.002693
-0.003021
-0.003676
-0.002365
0.001076
0.005501
0.008286
0.007959
0.004354
0.000257
-0.001382
0.000421
0.003370
0.004026
0.000748
-0.003512
-0.005315
-0.002529
0.003043
0.008286
0.010745
0.010089
0.007303
0.004517
0.003862
0.006156
0.010745
0.014186
0.013366
0.009106
0.005501
0.006320
0.010089
0.011400
0.005337
-0.006298
-0.016622
-0.018424
-0.010886
0.000093
0.007467
0.007631
0.002879
-0.001710
-0.001873
0.002223
0.007303
0.008778
0.005828
0.001240
-0.000563
0.002387
0.007303
0.008778
0.004845
-0.002037
-0.006626
-0.005642
-0.000399
0.004845
0.006812
0.004845
0.001076
-0.001710
-0.001218
0.002879
0.007467
0.008614
0.004190
-0.003676
-0.009084
-0.007937
-0.001546
0.004190
0.004190
-0.001054
-0.005970
-0.006134
-0.001546
0.003698
0.005173
0.002879
-0.000890
-0.002857
-0.001382
0.002387
0.006320
0.008450
0.008123
0.006976
0.007303
0.009925
0.013203
0.014186
0.011564
0.007467
0.005337
0.006156
0.007139
0.004517
-0.002857
-0.012197
-0.019080
-0.020063
-0.015311
-0.007773
-0.000563
0.003043
0.002551
0.000421
-0.000399
0.002059
0.006156
0.008286
0.006484
0.002387
-0.000071
0.001240
0.004845
0.007959
0.008614
0.007467
0.006648
0.006648
0.007139
0.007303
0.006156
0.003698
0.000421
-0.002365
-0.003021
-0.000399
0.003862
0.006812
0.006484
0.003207
0.000585
0.001240
0.005009
0.008942
0.009761
0.006812
0.003043
0.002387
0.007139
0.015333
0.020904
0.018119
0.006648
-0.006953
-0.014000
-0.010886
-0.002693
0.001240
-0.003840
-0.013672
-0.018588
-0.013344
-0.001218
0.008778
0.009761
0.002387
-0.006462
